1.490326538485471086e-01 7.359247942825430933e-01
4.556074629861572856e-01 4.824276010668365200e-01
8.017935529813861040e-01 2.581137189375193874e-01
9.022846717480149659e-01 1.485694207989034232e-02
9.623017639565278891e-01 -1.772727743526117117e-01
9.753179708292490924e-01 -4.281067091015655079e-01
7.359247942825430933e-01 -6.217743635219107334e-01
4.824276010668365200e-01 -6.553089137934173802e-01
2.581137189375193874e-01 -6.747019367132931489e-01
1.485694207989034232e-02 -5.744733927250764705e-01
-1.772727743526117117e-01 -3.282532719396520915e-01
-4.281067091015655079e-01 -1.471141855178339786e-01
-6.217743635219107334e-01 -5.311241484625057324e-02
-6.553089137934173802e-01 -2.542953106507397573e-02
-6.747019367132931489e-01 -6.106467956387853085e-02
-5.744733927250764705e-01 -7.903229654380208857e-02
-3.282532719396520915e-01 -9.699991352372566711e-02
-1.471141855178339786e-01 -8.162053364529421595e-02
-5.311241484625057324e-02 3.376232612557191620e-02
-2.542953106507397573e-02 1.314401436949267366e-01
-6.106467956387853085e-02 1.954708789448839634e-01
-7.903229654380208857e-02 2.820080237730335782e-01
-9.699991352372566711e-02 3.525281071180362824e-01
-8.162053364529421595e-02 4.405656792513987230e-01
3.376232612557191620e-02 4.998325578073052888e-01
1.314401436949267366e-01 4.418785531434599734e-01
1.954708789448839634e-01 3.232697746663862892e-01
2.820080237730335782e-01 1.513583161716269831e-01
3.525281071180362824e-01 -8.998541587185569790e-02
4.405656792513987230e-01 -3.134740629833057679e-01
4.998325578073052888e-01 -4.567273599485001112e-01
4.418785531434599734e-01 -5.057913328289594945e-01
3.232697746663862892e-01 -4.695935240907000985e-01
1.513583161716269831e-01 -3.790802469037364841e-01
-8.998541587185569790e-02 -2.463299410750319218e-01
-3.134740629833057679e-01 -9.572455031429474848e-02
-4.567273599485001112e-01 2.607263618635619756e-02
-5.057913328289594945e-01 1.368041713110625945e-01
-4.695935240907000985e-01 2.440097022685188410e-01
-3.790802469037364841e-01 2.883473291375577841e-01
-2.463299410750319218e-01 2.593140607816896148e-01
-9.572455031429474848e-02 1.850053984910245419e-01
2.607263618635619756e-02 9.145375601100498575e-02
1.368041713110625945e-01 2.325933498908215255e-02
2.440097022685188410e-01 -2.738008656185064726e-02
2.883473291375577841e-01 -5.101181661895261288e-02
2.593140607816896148e-01 -1.872822373232642173e-03
1.850053984910245419e-01 5.585611819483075197e-02
9.145375601100498575e-02 8.106329692240618612e-02
2.325933498908215255e-02 1.022568326085373097e-01
-2.738008656185064726e-02 9.599254860927378119e-02
-5.101181661895261288e-02 5.383054133279343428e-02
-1.872822373232642173e-03 -9.725659901049480034e-04
5.585611819483075197e-02 -7.243041640086567146e-02
8.106329692240618612e-02 -1.345856175193068938e-01
1.022568326085373097e-01 -1.734466847243190113e-01
9.599254860927378119e-02 -1.995916305176524685e-01
5.383054133279343428e-02 -1.893137034769446225e-01
-9.725659901049480034e-04 -1.309095706215354649e-01
-7.243041640086567146e-02 -3.953354773407451173e-02
-1.345856175193068938e-01 7.127300875589251405e-02
-1.734466847243190113e-01 1.784410290307184288e-01
-1.995916305176524685e-01 2.689918169003123749e-01
-1.893137034769446225e-01 3.300967189051045581e-01
-1.309095706215354649e-01 3.281086527256976138e-01
-3.953354773407451173e-02 2.840336006350709375e-01
7.127300875589251405e-02 2.182398633014885903e-01
1.784410290307184288e-01 1.120846314576813135e-01
2.689918169003123749e-01 -8.474702516169066446e-03
3.300967189051045581e-01 -1.157927655215162666e-01
3.281086527256976138e-01 -1.992915450566099256e-01
2.840336006350709375e-01 -2.326385419149649136e-01
2.182398633014885903e-01 -2.213478264432384435e-01
1.120846314576813135e-01 -1.815489921724682820e-01
-8.474702516169066446e-03 -1.283588442026736554e-01
-1.157927655215162666e-01 -9.043554406341956786e-02
-1.992915450566099256e-01 -7.130509592195605206e-02
-2.326385419149649136e-01 -5.858897451027737791e-02
-2.213478264432384435e-01 -6.556596147951700149e-02
-1.815489921724682820e-01 -7.989504224429946899e-02
-1.283588442026736554e-01 -8.589675146515075854e-02
-9.043554406341956786e-02 -8.904764880609768174e-02
-7.130509592195605206e-02 -7.374329029292689408e-02
-5.858897451027737791e-02 -3.690779994995208035e-02
-6.556596147951700149e-02 3.903822751836729093e-03
-7.989504224429946899e-02 6.935996394174616386e-02
-8.589675146515075854e-02 1.473446731301826518e-01
-8.904764880609768174e-02 2.188775449062040357e-01
-7.374329029292689408e-02 2.791197012104988939e-01
-3.690779994995208035e-02 2.965621686335980223e-01
3.903822751836729093e-03 2.659534516072564192e-01
6.935996394174616386e-02 1.948707080227988497e-01
1.473446731301826518e-01 1.073957961288912466e-01
2.188775449062040357e-01 3.117408902407979576e-02
2.791197012104988939e-01 -1.710215952114280125e-02
2.965621686335980223e-01 -4.782340859537536487e-02
2.659534516072564192e-01 -5.701352583980390937e-02
1.948707080227988497e-01 -4.947387863110946915e-02
1.073957961288912466e-01 2.993623649727921582e-02
3.117408902407979576e-02 6.879730370229135417e-02
-1.710215952114280125e-02 3.049889673673402898e-02
-4.782340859537536487e-02 6.860975028913975093e-02
-5.701352583980390937e-02 3.338721929926870974e-02
-4.947387863110946915e-02 -7.528122828077003781e-02
2.993623649727921582e-02 -1.052897743850264994e-01
6.879730370229135417e-02 -1.609181167257919265e-01
3.049889673673402898e-02 -2.230733178442331766e-01
6.860975028913975093e-02 -2.447169817219281285e-01
3.338721929926870974e-02 -2.391654006926406950e-01
-7.528122828077003781e-02 -1.500025080803686628e-01
-1.052897743850264994e-01 -8.353357845944056614e-02
-1.609181167257919265e-01 -1.233830282709208644e-02
-2.230733178442331766e-01 1.035697065005985462e-01
-2.447169817219281285e-01 1.577726429014117693e-01
-2.391654006926406950e-01 1.680880806247499470e-01
-1.500025080803686628e-01 1.682381233552712463e-01
-8.353357845944056614e-02 1.576976215361511613e-01
-1.233830282709208644e-02 1.345535303532433558e-01
1.035697065005985462e-01 7.847505982091405874e-02
1.577726429014117693e-01 3.665064868810660736e-02
1.680880806247499470e-01 2.194646109702092993e-02
1.682381233552712463e-01 -1.702713815588216204e-02
1.576976215361511613e-01 -4.418487238023426772e-02
1.345535303532433558e-01 -3.150626165118591143e-02
7.847505982091405874e-02 -3.431956284845995298e-02
3.665064868810660736e-02 -3.990865456037771819e-02
2.194646109702092993e-02 -2.617974471768038866e-02
-1.702713815588216204e-02 -3.612007561471534262e-02
-4.418487238023426772e-02 -5.074924184054036697e-02
-3.150626165118591143e-02 -7.336818346662368762e-02
-3.431956284845995298e-02 -8.585924078252044067e-02
-3.990865456037771819e-02 -9.587459304481603384e-02
-2.617974471768038866e-02 -1.227697524907559040e-01
-3.612007561471534262e-02 -1.246452866222719363e-01
-5.074924184054036697e-02 -1.267458848495698898e-01
-7.336818346662368762e-02 -1.420877540453710230e-01
-8.585924078252044067e-02 -1.404372840096368980e-01
-9.587459304481603384e-02 -1.608055846779009868e-01
-1.227697524907559040e-01 -1.720963001496274847e-01
-1.246452866222719363e-01 -1.643690995277814482e-01
-1.267458848495698898e-01 -1.833495049387236508e-01
-1.420877540453710230e-01 -1.651943345456484968e-01
-1.404372840096368980e-01 -1.605805205821190518e-01
-1.608055846779009868e-01 -1.755472829516169786e-01
-1.720963001496274847e-01 -1.432880958895412782e-01
-1.643690995277814482e-01 -1.308720599389051609e-01
-1.833495049387236508e-01 -1.350357457108707360e-01
-1.651943345456484968e-01 -1.271585023585034280e-01
-1.605805205821190518e-01 -1.534534908823581567e-01
-1.755472829516169786e-01 -1.628311615399382906e-01
-1.432880958895412782e-01 -1.574296232411721563e-01
-1.308720599389051609e-01 -1.739343235985131852e-01
-1.350357457108707360e-01 -1.564918561754141124e-01
-1.271585023585034280e-01 -1.306469958431232259e-01
-1.534534908823581567e-01 -9.546197553588250950e-02
-1.628311615399382906e-01 -4.219680620082727485e-02
-1.574296232411721563e-01 -5.548869271004060015e-03
-1.739343235985131852e-01 1.168109774691017122e-01
-1.564918561754141124e-01 4.417660210955690059e-01
-1.306469958431232259e-01 7.762112674275073454e-01
-9.546197553588250950e-02 9.138379619981535917e-01
-4.219680620082727485e-02 9.803068916190816884e-01
-5.548869271004060015e-03 9.815447441458822198e-01
1.168109774691017122e-01 7.719350496076509138e-01
4.417660210955690059e-01 4.991948762025898434e-01
7.762112674275073454e-01 2.698170519181793958e-01
9.138379619981535917e-01 4.797887484246343009e-02
9.803068916190816884e-01 -1.501900614935202660e-01
9.815447441458822198e-01 -3.895082166749656016e-01
7.719350496076509138e-01 -5.737606897551003060e-01
4.991948762025898434e-01 -6.291639680000838952e-01
2.698170519181793958e-01 -6.522705485003613690e-01
4.797887484246343009e-02 -5.661835318637756798e-01
-1.501900614935202660e-01 -3.405942865250276008e-01
-3.895082166749656016e-01 -1.561542600317412377e-01
-5.737606897551003060e-01 -5.975180567181731517e-02
-6.291639680000838952e-01 -3.454462694424188102e-02
-6.522705485003613690e-01 -7.498114281972746709e-02
-5.661835318637756798e-01 -9.805021263737462300e-02
-3.405942865250276008e-01 -1.115165477016597240e-01
-1.561542600317412377e-01 -9.654978533216181102e-02
-5.975180567181731517e-02 2.403395446623905404e-03
-3.454462694424188102e-02 1.118220566792690607e-01
-7.498114281972746709e-02 1.934828127654769914e-01
-9.805021263737462300e-02 2.778818486836983070e-01
-1.115165477016597240e-01 3.566917928900019130e-01
-9.654978533216181102e-02 4.553073775251146871e-01
2.403395446623905404e-03 5.251897792654020014e-01
1.118220566792690607e-01 4.762008277502033371e-01
1.934828127654769914e-01 3.571794317641960870e-01
2.778818486836983070e-01 1.890565522150991773e-01
3.566917928900019130e-01 -5.307490416362024843e-02
4.553073775251146871e-01 -2.861662860284324150e-01
5.251897792654020014e-01 -4.315201812209246701e-01
4.762008277502033371e-01 -4.867359060527565728e-01
3.571794317641960870e-01 -4.637418576003700665e-01
1.890565522150991773e-01 -3.841066783761994397e-01
-5.307490416362024843e-02 -2.604714684266628000e-01
-2.861662860284324150e-01 -1.201064940240031409e-01
-4.315201812209246701e-01 -5.173762444700854418e-03
-4.867359060527565728e-01 1.028194928479921194e-01
-4.637418576003700665e-01 2.091997887875813311e-01
-3.841066783761994397e-01 2.602518278474476587e-01
-2.604714684266628000e-01 2.323813906531194684e-01
-1.201064940240031409e-01 1.546217455604648738e-01
-5.173762444700854418e-03 6.620906660079924066e-02
1.028194928479921194e-01 -9.725659901049480034e-04
2.091997887875813311e-01 -4.275946644028208454e-02
2.602518278474476587e-01 -4.947387863110946915e-02
2.323813906531194684e-01 -1.473309722378949964e-04
1.546217455604648738e-01 6.260804106828846138e-02
6.620906660079924066e-02 9.400448242986679526e-02
-9.725659901049480034e-04 1.063079863326119451e-01
-4.275946644028208454e-02 1.009814693991064188e-01
-4.947387863110946915e-02 6.050744284099050102e-02
-1.473309722378949964e-04 1.165542919823325677e-03
6.260804106828846138e-02 -7.303058732295079902e-02
9.400448242986679526e-02 -1.434381386200625497e-01
1.063079863326119451e-01 -1.863128488665189708e-01
1.009814693991064188e-01 -2.114450062288337762e-01
6.050744284099050102e-02 -2.070562563610862661e-01
1.165542919823325677e-03 -1.513528926550601894e-01
-7.303058732295079902e-02 -5.198709436734094691e-02
-1.434381386200625497e-01 6.133267785885755663e-02
-1.863128488665189708e-01 1.687632729120957520e-01
-2.114450062288337762e-01 2.636652999668068209e-01
-2.070562563610862661e-01 3.266457361031150919e-01
-1.513528926550601894e-01 3.277335458993944073e-01
-5.198709436734094691e-02 2.930361644663478371e-01
6.133267785885755663e-02 2.409338262928325536e-01
1.687632729120957520e-01 1.474196944954433153e-01
2.636652999668068209e-01 3.451253977817832913e-02
3.266457361031150919e-01 -6.890441223361554179e-02
3.277335458993944073e-01 -1.543162365828555094e-01
2.930361644663478371e-01 -1.996666518829131043e-01
2.409338262928325536e-01 -2.028175492238600552e-01
1.474196944954433153e-01 -1.744594731553376910e-01
3.451253977817832913e-02 -1.275711198674369384e-01
-6.890441223361554179e-02 -9.992574676889066920e-02
-1.543162365828555094e-01 -9.062309747657115722e-02
-1.996666518829131043e-01 -8.705958262669070968e-02
-2.028175492238600552e-01 -1.036393043492924021e-01
-1.744594731553376910e-01 -1.299342928731471447e-01
-1.275711198674369384e-01 -1.410374549317220394e-01
-9.992574676889066920e-02 -1.344355747887856223e-01
-9.062309747657115722e-02 -1.090783533306888820e-01
-8.705958262669070968e-02 -6.579102557529892259e-02
-1.036393043492924021e-01 -1.001264050401221017e-02
-1.299342928731471447e-01 6.095757103255435017e-02
-1.410374549317220394e-01 1.316652077907086715e-01
-1.344355747887856223e-01 2.028229727404268212e-01
-1.090783533306888820e-01 2.691793703134639504e-01
-6.579102557529892259e-02 2.924735042268930552e-01
-1.001264050401221017e-02 2.685791993913788089e-01
6.095757103255435017e-02 2.089372140091690921e-01
1.316652077907086715e-01 1.240505392167535886e-01
2.028229727404268212e-01 4.790385347720278741e-02
2.691793703134639504e-01 -3.373249678445465645e-03
2.924735042268930552e-01 -3.053098390279757740e-02
2.685791993913788089e-01 -3.165630438170719679e-02
2.089372140091690921e-01 1.840735207169096358e-03
1.240505392167535886e-01 5.030453716554330462e-02
4.790385347720278741e-02 7.329858561792983174e-02
-3.373249678445465645e-03 7.071034851643770436e-02
-3.053098390279757740e-02 5.968220782312345235e-02
-3.165630438170719679e-02 2.164637563597836614e-02
1.840735207169096358e-03 -5.367507508570537600e-02
5.030453716554330462e-02 -1.197688978803302523e-01
7.329858561792983174e-02 -1.799735435019947927e-01
7.071034851643770436e-02 -2.497434131943911118e-01
5.968220782312345235e-02 -2.848909228190014686e-01
2.164637563597836614e-02 -2.658354960427986025e-01
-5.367507508570537600e-02 -1.982412459429609419e-01
-1.197688978803302523e-01 -1.045395607324201004e-01
-1.799735435019947927e-01 -8.699766611950989284e-03
-2.497434131943911118e-01 9.524233495666736826e-02
-2.848909228190014686e-01 1.704887643130904851e-01
-2.658354960427986025e-01 1.882688278798624326e-01
-1.982412459429609419e-01 1.878562103709289222e-01
-1.045395607324201004e-01 1.886439347061656391e-01
-8.699766611950989284e-03 1.628365850565050843e-01
9.524233495666736826e-02 1.141102083197186312e-01
1.704887643130904851e-01 6.864726097177006880e-02
1.882688278798624326e-01 3.023632195832178307e-02
1.878562103709289222e-01 -8.212127737756822268e-03
1.886439347061656391e-01 -3.664522517153983444e-02
1.628365850565050843e-01 -4.572281036807740451e-02
1.141102083197186312e-01 -3.822067384201329604e-02
6.864726097177006880e-02 -3.270660349535617351e-02
3.023632195832178307e-02 -3.431956284845995298e-02
-8.212127737756822268e-03 -3.664522517153983444e-02
-3.664522517153983444e-02 -5.903910270184122011e-02
-4.572281036807740451e-02 -8.030765975323299333e-02
-3.822067384201329604e-02 -1.025890052356434323e-01
-3.270660349535617351e-02 -1.211567931376521245e-01
-3.431956284845995298e-02 -1.422753074585225985e-01
-3.664522517153983444e-02 -1.595677321511003999e-01
-5.903910270184122011e-02 -1.636188858751750075e-01
-8.030765975323299333e-02 -1.599428389774036063e-01
-1.025890052356434323e-01 -1.686828280302683225e-01
-1.211567931376521245e-01 -1.662071229766671487e-01
-1.422753074585225985e-01 -1.413000297101342784e-01
-1.595677321511003999e-01 -1.494773585235441571e-01
-1.636188858751750075e-01 -1.557416425228076995e-01
-1.599428389774036063e-01 -1.562292813970018734e-01
-1.686828280302683225e-01 -1.618933944741802744e-01
-1.662071229766671487e-01 -1.774978384483936467e-01
-1.413000297101342784e-01 -1.759974111431808486e-01
-1.494773585235441571e-01 -1.707834262575662343e-01
-1.557416425228076995e-01 -1.777229025441755816e-01
-1.562292813970018734e-01 -1.939650281231043716e-01
-1.618933944741802744e-01 -2.105822605283363957e-01
-1.774978384483936467e-01 -2.002668228049982457e-01
-1.759974111431808486e-01 -1.941900922188863066e-01
-1.707834262575662343e-01 -1.785481375620426303e-01
-1.777229025441755816e-01 -1.375489614471022137e-01
-1.939650281231043716e-01 -9.760008444581078080e-02
-2.105822605283363957e-01 -6.125223297703013409e-02
-2.002668228049982457e-01 -2.764266134026288971e-02
-1.941900922188863066e-01 2.686036052159292836e-02
-1.785481375620426303e-01 2.284052582943054688e-01
-1.375489614471022137e-01 5.844191471386782633e-01
-9.760008444581078080e-02 8.426426863658050825e-01
-6.125223297703013409e-02 9.341312413011571003e-01
-2.764266134026288971e-02 1.000000000000000000e+00
2.686036052159292836e-02 9.142130688244568537e-01
2.284052582943054688e-01 6.596280658124710206e-01
5.844191471386782633e-01 4.262741091692465734e-01
8.426426863658050825e-01 2.058613380334827769e-01
9.341312413011571003e-01 7.279784188565582501e-03
1.000000000000000000e+00 -2.020673355712536423e-01
9.142130688244568537e-01 -4.576276163316278511e-01
6.596280658124710206e-01 -5.988553364347848351e-01
4.262741091692465734e-01 -6.470940742973770865e-01
2.058613380334827769e-01 -6.542211039971380648e-01
7.279784188565582501e-03 -5.083420592478212763e-01
-2.020673355712536423e-01 -2.834655168790493063e-01
-4.576276163316278511e-01 -1.317348056394025135e-01
-5.988553364347848351e-01 -6.440313031797706422e-02
-6.470940742973770865e-01 -5.896408133658057743e-02
-6.542211039971380648e-01 -7.993255292692980074e-02
-5.083420592478212763e-01 -9.069811884183180684e-02
-2.834655168790493063e-01 -9.152335385969885551e-02
-1.317348056394025135e-01 -3.248153939957424546e-02
-6.440313031797706422e-02 6.902236779807327527e-02
-5.896408133658057743e-02 1.387547268078392626e-01
-7.993255292692980074e-02 2.001972249563044037e-01
-9.069811884183180684e-02 2.715050326365438527e-01
-9.152335385969885551e-02 3.523030430222544029e-01
-3.248153939957424546e-02 4.518939054057555249e-01
6.902236779807327527e-02 4.925554853770230945e-01
1.387547268078392626e-01 4.267242373608104433e-01
2.001972249563044037e-01 3.050395829080504440e-01
2.715050326365438527e-01 1.178987872653810137e-01
3.523030430222544029e-01 -1.276461412326975742e-01
4.518939054057555249e-01 -3.244646929939897229e-01
4.925554853770230945e-01 -4.257810467784856612e-01
4.267242373608104433e-01 -4.543266762601596009e-01
3.050395829080504440e-01 -4.172661218214028800e-01
1.178987872653810137e-01 -3.385687096629902970e-01
-1.276461412326975742e-01 -2.269369181551561809e-01
-3.244646929939897229e-01 -1.107288233664229932e-01
-4.257810467784856612e-01 -1.147555712659471469e-02
-4.543266762601596009e-01 9.989365960282711732e-02
-4.172661218214028800e-01 1.982091587768973762e-01
-3.385687096629902970e-01 2.287428544379783435e-01
-2.269369181551561809e-01 1.896942338198146227e-01
-1.107288233664229932e-01 1.054827513147448964e-01
-1.147555712659471469e-02 2.258414270173638230e-02
9.989365960282711732e-02 -3.225647530379232436e-02
1.982091587768973762e-01 -6.819170926363944674e-02
2.287428544379783435e-01 -4.924881453532754805e-02
1.896942338198146227e-01 1.489445276252066193e-02
1.054827513147448964e-01 6.294563721196133610e-02
2.258414270173638230e-02 8.627728180802074487e-02
-3.225647530379232436e-02 9.332929014252101807e-02
-6.819170926363944674e-02 7.569926930627034201e-02
-4.924881453532754805e-02 4.047673831639930775e-02
1.489445276252066193e-02 -1.301349511443785842e-02
6.294563721196133610e-02 -7.775693333437119770e-02
8.627728180802074487e-02 -1.326725727051605297e-01
9.332929014252101807e-02 -1.768601568436782012e-01
7.569926930627034201e-02 -1.952028806499049585e-01
4.047673831639930775e-02 -1.762974966042233915e-01
-1.301349511443785842e-02 -1.177058103356626168e-01
-7.775693333437119770e-02 -1.762730907796728960e-02
-1.326725727051605297e-01 9.524233495666736826e-02
-1.768601568436782012e-01 1.935203234481073231e-01
-1.952028806499049585e-01 2.794948080368021004e-01
-1.762974966042233915e-01 3.272083963425699293e-01
-1.177058103356626168e-01 3.200438559601787025e-01
-1.762730907796728960e-02 2.890975427901641970e-01
9.524233495666736826e-02 2.337692859104413268e-01
1.935203234481073231e-01 1.463693953817943316e-01
2.794948080368021004e-01 4.831647098613631175e-02
3.272083963425699293e-01 -4.759834449959344377e-02
3.200438559601787025e-01 -1.204065794850457116e-01
2.890975427901641970e-01 -1.579172621153662748e-01
2.337692859104413268e-01 -1.637689286056963067e-01
1.463693953817943316e-01 -1.446384804642328048e-01
4.831647098613631175e-02 -1.204816008503063612e-01
-4.759834449959344377e-02 -1.101286524443378656e-01
-1.204065794850457116e-01 -1.124543147674177401e-01
-1.579172621153662748e-01 -1.287339510289768896e-01
-1.637689286056963067e-01 -1.544287686307465046e-01
-1.446384804642328048e-01 -1.783605841488910271e-01
-1.204816008503063612e-01 -1.963657118114449096e-01
-1.101286524443378656e-01 -1.865379129623009058e-01
-1.124543147674177401e-01 -1.482395059967435980e-01
-1.287339510289768896e-01 -9.276120638649944239e-02
-1.544287686307465046e-01 -2.059065300576261998e-02
-1.783605841488910271e-01 5.971971850575377022e-02
-1.963657118114449096e-01 1.364665751673896921e-01
-1.865379129623009058e-01 2.080744683086717117e-01
-1.482395059967435980e-01 2.672663254993176141e-01
-9.276120638649944239e-02 2.914607157958744033e-01
-2.059065300576261998e-02 2.637778320146977884e-01
5.971971850575377022e-02 2.075493187518472338e-01
1.364665751673896921e-01 1.389422802209908658e-01
2.080744683086717117e-01 7.573677998890065988e-02
2.672663254993176141e-01 3.327468725137774919e-02
2.914607157958744033e-01 4.879100500225064425e-03
2.637778320146977884e-01 4.016354799727690945e-03
2.075493187518472338e-01 4.512806296255906374e-02
1.389422802209908658e-01 8.661487795169363346e-02
7.573677998890065988e-02 7.821248504250181977e-02
3.327468725137774919e-02 5.728152413478293514e-02
4.879100500225064425e-03 2.303427089330022798e-02
4.016354799727690945e-03 -5.742614334873743370e-02
4.512806296255906374e-02 -1.407748801533097727e-01
8.661487795169363346e-02 -2.006794403139317839e-01
7.821248504250181977e-02 -2.538320776010960511e-01
5.728152413478293514e-02 -2.983947685659169013e-01
2.303427089330022798e-02 -3.085226528761034759e-01
-5.742614334873743370e-02 -2.494058170507182093e-01
-1.407748801533097727e-01 -1.594176894205791284e-01
-2.006794403139317839e-01 -6.173987185122430110e-02
-2.538320776010960511e-01 5.626873570376427630e-02
-2.983947685659169013e-01 1.553344485304409828e-01
-3.085226528761034759e-01 2.121631327153766788e-01
-2.494058170507182093e-01 2.251418289054675781e-01
-1.594176894205791284e-01 2.165143719004938294e-01
-6.173987185122430110e-02 2.026729300099055497e-01
5.626873570376427630e-02 1.567598544703931451e-01
1.553344485304409828e-01 1.000812130159787205e-01
2.121631327153766788e-01 6.140769922411819237e-02
2.251418289054675781e-01 2.157135427071772346e-02
2.165143719004938294e-01 -1.428885832386875623e-02
2.026729300099055497e-01 -3.165630438170719679e-02
1.567598544703931451e-01 -3.191887916011944271e-02
1.000812130159787205e-01 -3.146875096855558662e-02
6.140769922411819237e-02 -3.165630438170719679e-02
2.157135427071772346e-02 -3.068102663331885582e-02
-1.428885832386875623e-02 -3.690779994995208035e-02
-3.165630438170719679e-02 -6.732896356314206632e-02
-3.191887916011944271e-02 -9.013545860237698326e-02
-3.146875096855558662e-02 -1.011260886130609243e-01
-3.165630438170719679e-02 -1.299342928731471447e-01
-3.068102663331885582e-02 -1.530408733734246185e-01
-3.690779994995208035e-02 -1.567919416364566831e-01
-6.732896356314206632e-02 -1.539411297565523307e-01
-9.013545860237698326e-02 -1.522906597208182056e-01
-1.011260886130609243e-01 -1.609931380910525900e-01
-1.299342928731471447e-01 -1.564918561754141124e-01
-1.530408733734246185e-01 -1.428004570153471042e-01
-1.567919416364566831e-01 -1.521406169902969341e-01
-1.539411297565523307e-01 -1.664696977550794155e-01
-1.522906597208182056e-01 -1.644816315756723879e-01
-1.609931380910525900e-01 -1.530408733734246185e-01
-1.564918561754141124e-01 -1.717587040059545822e-01
-1.428004570153471042e-01 -1.552164929659831938e-01
-1.521406169902969341e-01 -1.351482777587617035e-01
-1.664696977550794155e-01 -1.663571657071884202e-01
-1.644816315756723879e-01 -1.852250390702396832e-01
-1.530408733734246185e-01 -2.072062990916075653e-01
-1.717587040059545822e-01 -2.261116831372891323e-01
-1.552164929659831938e-01 -2.105447498457060918e-01
-1.351482777587617035e-01 -1.988414168650460556e-01
-1.663571657071884202e-01 -1.561542600317412377e-01
-1.852250390702396832e-01 -9.437416573960320798e-02
-2.072062990916075653e-01 -7.389333302344817944e-02
-2.261116831372891323e-01 -2.888051386706347312e-02
-2.105447498457060918e-01 4.730368255511765291e-02
-1.988414168650460556e-01 2.223660383908238614e-01
-1.561542600317412377e-01 5.673517865418823414e-01
-9.437416573960320798e-02 8.439180495752359734e-01
-7.389333302344817944e-02 9.270792329666568410e-01
-2.888051386706347312e-02 9.844330667084170150e-01
4.730368255511765291e-02 9.088115305256907472e-01
2.223660383908238614e-01 6.573399141720215333e-01
5.673517865418823414e-01 4.250362566424459865e-01
8.439180495752359734e-01 2.181273312535976228e-01
9.270792329666568410e-01 2.809821304839350831e-02
9.844330667084170150e-01 -1.661696122940368447e-01
9.088115305256907472e-01 -4.152780556419958802e-01
6.573399141720215333e-01 -5.709473885578263408e-01
4.250362566424459865e-01 -6.182108486720302443e-01
2.181273312535976228e-01 -6.359534015561718601e-01
2.809821304839350831e-02 -5.116429993192894710e-01
-1.661696122940368447e-01 -2.964817237517705650e-01
-4.152780556419958802e-01 -1.452011407036876145e-01
-5.709473885578263408e-01 -7.355573687977529085e-02
-6.182108486720302443e-01 -6.556596147951700149e-02
-6.359534015561718601e-01 -9.197348205126269771e-02
-5.116429993192894710e-01 -9.268618502123879277e-02
-2.964817237517705650e-01 -7.423092916712105416e-02
-1.452011407036876145e-01 -1.755228771270665039e-02
-7.355573687977529085e-02 8.278878832340093308e-02
-6.556596147951700149e-02 1.547342776083558136e-01
-9.197348205126269771e-02 2.079994469434110482e-01
-9.268618502123879277e-02 2.716550753670651241e-01
-7.423092916712105416e-02 3.360984281259558615e-01
-1.755228771270665039e-02 4.251487886903369540e-01
8.278878832340093308e-02 4.761258063849426181e-01
1.547342776083558136e-01 4.180592696732063906e-01
2.079994469434110482e-01 3.005758116750422704e-01
2.716550753670651241e-01 1.252133703782935259e-01
3.360984281259558615e-01 -1.037143257145530517e-01
4.251487886903369540e-01 -2.980571724222439989e-01
4.761258063849426181e-01 -4.086761754990594353e-01
4.180592696732063906e-01 -4.329455871608768880e-01
3.005758116750422704e-01 -3.929591994769550678e-01
1.252133703782935259e-01 -3.265652912212876902e-01
-1.037143257145530517e-01 -2.305379436876669463e-01
-2.980571724222439989e-01 -1.232573913649500780e-01
-4.086761754990594353e-01 -3.176883642959815734e-02
-4.329455871608768880e-01 6.834717551072751196e-02
-3.929591994769550678e-01 1.641494589485663069e-01
-3.265652912212876902e-01 2.049985923329853965e-01
-2.305379436876669463e-01 1.787411144917609995e-01
-1.232573913649500780e-01 1.065330504283938801e-01
-3.176883642959815734e-02 3.038636468884306149e-02
6.834717551072751196e-02 -2.134086665836903290e-02
1.641494589485663069e-01 -5.412520327726922514e-02
2.049985923329853965e-01 -4.501010739810131639e-02
1.787411144917609995e-01 1.361908955308976064e-02
1.065330504283938801e-01 6.347078676878582792e-02
3.038636468884306149e-02 8.106329692240618612e-02
-2.134086665836903290e-02 8.578964293382658479e-02
-5.412520327726922514e-02 7.097292329484995721e-02
-4.501010739810131639e-02 4.055175968165995043e-02
1.361908955308976064e-02 -4.798655618397647954e-03
6.347078676878582792e-02 -5.828888904923480718e-02
8.106329692240618612e-02 -9.951312925995713099e-02
8.578964293382658479e-02 -1.310221026694264324e-01
7.097292329484995721e-02 -1.477143564399190923e-01
4.055175968165995043e-02 -1.345856175193068938e-01
-4.798655618397647954e-03 -7.963246746588723002e-02
-5.828888904923480718e-02 1.061823494266411587e-02
-9.951312925995713099e-02 1.099840332303833601e-01
-1.310221026694264324e-01 2.004973104173469467e-01
-1.477143564399190923e-01 2.781819341447409055e-01
-1.345856175193068938e-01 3.201938986906999740e-01
-7.963246746588723002e-02 3.133669544519816497e-01
1.061823494266411587e-02 2.832833869824645245e-01
1.099840332303833601e-01 2.331691149883561576e-01
2.004973104173469467e-01 1.480948867827890925e-01
2.781819341447409055e-01 5.251766744073221860e-02
3.201938986906999740e-01 -4.129654981769958350e-02
3.133669544519816497e-01 -1.198814299282212198e-01
2.832833869824645245e-01 -1.614807769652467362e-01
2.331691149883561576e-01 -1.738593022332525495e-01
1.480948867827890925e-01 -1.609556274084222860e-01
5.251766744073221860e-02 -1.364236409681925943e-01
-4.129654981769958350e-02 -1.257706071011815419e-01
-1.198814299282212198e-01 -1.237825409217745698e-01
-1.614807769652467362e-01 -1.312846774478386713e-01
-1.738593022332525495e-01 -1.533034481518368575e-01
-1.609556274084222860e-01 -1.670698686771645292e-01
-1.364236409681925943e-01 -1.701457446528508166e-01
-1.257706071011815419e-01 -1.582548582590392050e-01
-1.237825409217745698e-01 -1.204816008503063612e-01
-1.312846774478386713e-01 -6.695385673683885985e-02
-1.533034481518368575e-01 -6.636679067283356333e-03
-1.670698686771645292e-01 6.103259239781499285e-02
-1.701457446528508166e-01 1.271264151924398622e-01
-1.582548582590392050e-01 1.922074495560461282e-01
-1.204816008503063612e-01 2.483609414536360194e-01
-6.695385673683885985e-02 2.683541352955968740e-01
-6.636679067283356333e-03 2.471981102920960960e-01
6.103259239781499285e-02 1.960335391843388286e-01
1.271264151924398622e-01 1.272014365577005257e-01
1.922074495560461282e-01 6.992262418120097356e-02
2.483609414536360194e-01 3.334970861663839187e-02
2.683541352955968740e-01 1.166853405631309085e-02
2.471981102920960960e-01 3.078587733969676086e-03
1.960335391843388286e-01 2.997374717990953716e-02
1.272014365577005257e-01 6.872228233703071842e-02
6.992262418120097356e-02 7.408630995316656254e-02
3.334970861663839187e-02 8.083823282662427889e-02
1.166853405631309085e-02 4.989191965660978029e-02
3.078587733969676086e-03 -1.473898651543260538e-02
2.997374717990953716e-02 -7.730680514280735549e-02
6.872228233703071842e-02 -1.624185440310047801e-01
7.408630995316656254e-02 -2.193972709464617199e-01
8.083823282662427889e-02 -2.568704428941520068e-01
4.989191965660978029e-02 -2.808772797775572205e-01
-1.473898651543260538e-02 -2.304629223224063106e-01
-7.730680514280735549e-02 -1.552540036486135533e-01
-1.624185440310047801e-01 -7.213033093982310073e-02
-2.193972709464617199e-01 2.674782847370196781e-02
-2.568704428941520068e-01 1.009064480338457692e-01
-2.808772797775572205e-01 1.726268732230187564e-01
-2.304629223224063106e-01 2.075118080692169298e-01
-1.552540036486135533e-01 1.993344792558070233e-01
-7.213033093982310073e-02 1.934453020828466874e-01
2.674782847370196781e-02 1.633992452959598940e-01
1.009064480338457692e-01 1.009064480338457692e-01
1.726268732230187564e-01 5.195500720127740890e-02
2.075118080692169298e-01 1.549462368460579123e-02
1.993344792558070233e-01 -1.275092033602561251e-02
1.934453020828466874e-01 -2.441674263405532036e-02
1.633992452959598940e-01 -2.951819547177891856e-02
1.009064480338457692e-01 -2.329142215514570097e-02
5.195500720127740890e-02 -2.025305686208973485e-02
1.549462368460579123e-02 -2.614223403505006385e-02
-1.275092033602561251e-02 -3.180634711222847522e-02
-2.441674263405532036e-02 -3.630762902786694585e-02
-2.951819547177891856e-02 -5.776373949241032230e-02
-2.329142215514570097e-02 -7.951993541799626253e-02
-2.025305686208973485e-02 -1.040894325408562582e-01
-2.614223403505006385e-02 -1.349982350282404320e-01
-3.180634711222847522e-02 -1.550664502354619501e-01
-3.630762902786694585e-02 -1.581423262111482098e-01
-5.776373949241032230e-02 -1.647442063540846269e-01
-7.951993541799626253e-02 -1.705208514791540231e-01
-1.040894325408562582e-01 -1.801235862325160919e-01
-1.349982350282404320e-01 -1.834620369866146183e-01
-1.550664502354619501e-01 -1.776103704962845864e-01
-1.581423262111482098e-01 -1.880383402675137594e-01
-1.647442063540846269e-01 -1.863878702317796343e-01
-1.705208514791540231e-01 -1.535660229302491242e-01
-1.801235862325160919e-01 -1.406248374227885012e-01
-1.834620369866146183e-01 -1.451636300210572827e-01
