9.041193376319374408e+01
9.089926212836917330e+01
9.083770745266382107e+01
8.992746610629821191e+01
8.517161898506532225e+01
8.579862831062770567e+01
9.006408163907684639e+01
9.217509867154331005e+01
9.389397791211331423e+01
9.473072138163982459e+01
9.503257418825728564e+01
9.461070036904578728e+01
9.328980159474075151e+01
9.232328649955557864e+01
9.162748810712827208e+01
9.137951084588223694e+01
9.156399118878356091e+01
9.113373275224782333e+01
9.242261332150650333e+01
9.246266743505292141e+01
9.164817900711068432e+01
9.042710348267002018e+01
8.969292788724834509e+01
8.934380618836499366e+01
8.872373418537610235e+01
8.872915132185097775e+01
8.930223718271896871e+01
9.042265320769566017e+01
9.107389980580923350e+01
9.124957426641857694e+01
9.146854289396850390e+01
9.147132197165261402e+01
9.106322204322592029e+01
9.097163850696600207e+01
9.114554221804533540e+01
9.117881582421954079e+01
9.106713009604143849e+01
9.133384721701915510e+01
9.185311594974110960e+01
9.176994812608188568e+01
9.164414212637193202e+01
9.196004624200202215e+01
9.194223688781197268e+01
9.142793082750314682e+01
9.084787159388544353e+01
9.026724461971161872e+01
9.038589730743647976e+01
9.097163448197646574e+01
9.093590621815795316e+01
9.111174723982546197e+01
9.186499557655882597e+01
9.334360259265945103e+01
9.322915034102136644e+01
9.308212224995791928e+01
9.265682241960854526e+01
9.219041082945291521e+01
9.269041416043454262e+01
9.411362878269810039e+01
9.396749729466168333e+01
9.347855809960118734e+01
9.293229565059037611e+01
9.225960630095208614e+01
9.134982029064956066e+01
9.155160025878632268e+01
9.130270557512412211e+01
9.132419278126549500e+01
9.080011743084213549e+01
9.028108072093020553e+01
9.001894512551527328e+01
9.033327308439930903e+01
9.057939992000903828e+01
9.072197197204383201e+01
9.100310647413895992e+01
9.100862991489633202e+01
9.138356077710301406e+01
9.158357856727499779e+01
9.189444654591139283e+01
9.208734885251055857e+01
9.136587328563231836e+01
9.111816511732955348e+01
9.163898157124033617e+01
9.261143866482638032e+01
9.268583112067625507e+01
9.232352605128076561e+01
9.250124587853180458e+01
9.200508378055342007e+01
9.169365740574919243e+01
9.133654722484577348e+01
9.168484852164884558e+01
9.158214989317738741e+01
9.188788017957560328e+01
9.254417904924495986e+01
9.313089280385362656e+01
9.365699316727240387e+01
9.378974376272189772e+01
9.342263273358555864e+01
9.318312809624694637e+01
9.312979710219356377e+01
9.273621023009191333e+01
9.255185301953869725e+01
9.216551122739411994e+01
9.174649334588076499e+01
9.123272574631901932e+01
9.120440342756232610e+01
9.169983926176416844e+01
9.219148930311961010e+01
9.255049080228532432e+01
9.217019361639187025e+01
9.183233282784247820e+01
9.175679051160612687e+01
9.157895482701685808e+01
9.168634797060632025e+01
9.201396583874240775e+01
9.326090986982649156e+01
9.413766276787215759e+01
9.461195209719532784e+01
9.513191143599379984e+01
9.506254485796445408e+01
9.420274379173214641e+01
9.490075822214613765e+01
9.507480380900804562e+01
9.600499808701673032e+01
9.692915933526309402e+01
9.654609652685931565e+01
9.589574478025959081e+01
9.488723414641778220e+01
9.476687113602604029e+01
9.525215193368954658e+01
9.451019093302809893e+01
9.361127546567524860e+01
9.329325706790321249e+01
9.276977116545772617e+01
9.398139827923785106e+01
9.426916395161416062e+01
9.443476363766428960e+01
9.356976703753110769e+01
9.276369322144113028e+01
9.247706907247386710e+01
9.305638600773889380e+01
9.337706455886454648e+01
9.299041747850117190e+01
9.228307847577566747e+01
9.149922669312208257e+01
9.063991833350681304e+01
8.963514879629599363e+01
8.975343114988238824e+01
8.830972267773360329e+01
8.928075192538940996e+01
8.813678979985134276e+01
8.813433704135906055e+01
8.837446895541734193e+01
8.892190578821697500e+01
8.931140536196592450e+01
8.926202742185424199e+01
8.953854023221200009e+01
8.935544743939726686e+01
8.868061315618871276e+01
8.700305685880275064e+01
8.675895432912626859e+01
8.693220091055729881e+01
8.738265725449201682e+01
8.870923105302534850e+01
8.952480507321541836e+01
8.925157848556905549e+01
8.935781167487438381e+01
8.969134225490824974e+01
8.988666744312595824e+01
8.988394552889153033e+01
8.966965361466253626e+01
8.977531765626820004e+01
9.042347214429032931e+01
9.086254816685996616e+01
9.109077229136090637e+01
9.188546044703244320e+01
9.079729533548342602e+01
9.103760965353224321e+01
9.208779207981920933e+01
9.184466759123579038e+01
9.121301770310989809e+01
9.058163973181171968e+01
9.100161430139324636e+01
9.150319130559617520e+01
9.080249732956713160e+01
9.033989607115459819e+01
9.018889817747148641e+01
9.129936714721652891e+01
9.383929890695604570e+01
9.211644165627625114e+01
9.208573509221506015e+01
9.200314216855900895e+01
9.236557808713868667e+01
9.156507000537756369e+01
9.034249874916669398e+01
8.966344577466455235e+01
8.874853568166369655e+01
8.918878696977597542e+01
9.010278490661816875e+01
