0.79 3.83 5.02 0.47 10.28 0.00 0.77 0.60
0.47 5.00 7.94 0.19 14.20 0.00 2.80 0.68
3.12 3.57 4.66 0.47 12.68 0.00 11.73 0.47
1.95 4.37 5.90 0.34 10.73 0.00 0.52 1.10
9.38 4.57 6.59 1.27 12.17 0.00 24.35 1.66
5.19 4.61 6.03 0.76 10.39 0.00 12.87 1.11
9.25 3.90 5.27 1.54 14.01 0.00 18.92 6.46
13.61 3.84 4.65 1.16 14.69 0.00 25.17 3.51
4.91 3.95 5.26 1.14 14.82 0.00 13.54 8.97
5.82 5.02 6.06 0.63 7.77 0.00 17.48 1.26
6.05 4.15 4.72 1.11 8.38 0.00 4.83 1.40
8.72 3.84 5.94 1.15 11.05 0.00 21.32 1.54
6.10 3.49 4.28 0.56 12.61 0.00 15.80 0.78
7.32 3.22 4.00 1.46 14.79 0.00 14.53 2.20
3.49 3.52 4.00 0.49 14.39 0.00 12.03 1.49
0.29 2.21 2.51 0.13 18.56 0.00 3.95 0.18
0.41 3.43 3.67 0.18 18.83 0.00 2.20 1.05
0.34 3.36 2.82 0.15 17.10 0.00 2.04 0.77
0.24 2.09 2.22 0.12 18.15 0.00 2.04 0.46
0.27 2.38 1.86 0.13 17.97 0.00 1.77 0.63
0.32 2.98 3.16 0.15 18.03 0.00 2.19 0.75
0.39 6.10 6.76 0.14 19.31 0.00 1.73 1.27
0.33 2.45 2.40 0.12 19.98 0.00 2.70 0.77
0.21 2.28 2.04 0.09 20.47 0.00 2.99 0.28
0.23 1.47 1.48 0.13 18.59 0.00 1.87 0.41
0.28 2.27 2.98 0.12 16.98 0.00 2.01 0.66
0.27 2.07 2.81 0.11 17.91 0.00 2.07 0.58
0.21 1.87 1.66 0.10 21.06 0.00 2.00 0.15
0.17 1.56 1.83 0.07 21.10 0.00 1.86 0.26
0.21 1.25 1.09 0.08 21.09 0.00 2.17 0.23
0.27 3.52 3.54 0.14 15.25 0.00 2.37 0.38
0.36 3.58 2.67 0.14 17.67 0.00 3.02 0.27
0.40 2.40 2.48 0.15 18.76 0.00 2.70 0.41
0.28 2.56 2.49 0.15 15.68 0.00 2.40 0.24
0.34 3.13 2.58 0.16 17.93 0.00 2.27 0.26
0.29 3.15 3.37 0.14 16.66 0.00 3.43 0.25
0.29 3.26 3.70 0.12 16.55 0.00 2.44 0.45
0.26 3.10 3.20 0.12 17.25 0.00 2.05 0.41
0.27 3.08 2.95 0.13 18.23 0.00 2.72 0.20
0.62 2.34 2.20 0.25 16.67 0.00 2.46 1.06
0.32 2.50 2.76 0.13 17.01 0.00 3.20 0.36
0.28 2.69 1.58 0.13 16.53 0.00 2.49 0.75
0.24 1.74 1.32 0.11 19.01 0.00 3.05 0.16
0.29 2.87 3.38 0.11 18.50 0.00 3.45 0.31
0.23 2.49 2.04 0.11 20.35 0.00 2.98 0.38
0.23 3.53 4.10 0.12 11.12 0.00 0.58 0.25
0.21 3.35 3.96 0.14 17.13 0.00 1.06 0.22
0.25 3.74 4.51 0.16 12.21 0.00 0.53 0.18
0.24 3.40 4.27 0.14 16.71 0.00 1.20 0.20
0.23 3.11 3.60 0.14 16.28 0.00 0.55 0.16
0.23 5.10 7.02 0.12 16.33 0.00 0.41 0.31
0.27 4.42 5.15 0.16 17.06 0.00 0.85 0.23
0.43 5.18 7.00 0.16 15.06 0.00 1.30 0.31
0.19 3.47 4.37 0.10 18.11 0.00 0.51 0.35
0.20 2.74 4.01 0.12 18.41 0.00 1.27 0.19
0.30 3.71 4.68 0.19 13.51 0.00 0.59 0.53
0.37 5.08 7.06 0.09 14.91 0.00 1.61 0.29
0.25 4.45 6.22 0.15 18.87 0.00 0.77 0.58
0.25 3.58 4.68 0.15 16.56 0.00 0.39 0.25
0.27 7.56 10.09 0.16 8.92 0.00 0.91 0.35
1.40 4.86 4.92 0.16 16.53 0.00 3.50 0.80
0.37 5.87 6.87 0.18 14.64 0.00 3.35 0.43
0.36 4.44 4.76 0.12 16.49 0.00 2.65 0.52
0.51 6.35 6.64 0.21 16.17 0.00 2.88 0.62
0.38 7.36 8.40 0.15 13.64 0.00 4.82 0.91
0.28 3.07 3.46 0.14 17.41 0.00 2.22 0.40
0.41 4.21 4.20 0.21 16.47 0.00 3.08 0.60
0.52 8.14 10.38 0.20 13.90 0.00 3.59 1.09
0.38 7.14 8.24 0.15 13.11 0.00 2.87 0.57
0.31 6.13 5.72 0.16 17.25 0.00 2.63 0.50
0.29 6.99 8.50 0.13 15.56 0.00 4.28 1.44
0.67 6.78 7.08 0.61 15.33 0.00 3.19 1.66
0.17 2.49 3.68 0.07 20.45 0.00 2.54 0.17
2.78 10.12 11.18 0.51 15.04 0.00 6.51 2.04
0.20 6.65 8.78 0.09 17.40 0.00 3.26 0.26
1.18 6.27 6.26 0.17 11.75 0.00 5.25 0.74
0.71 5.04 5.34 0.91 14.25 0.00 0.87 1.71
1.77 5.88 6.96 1.29 15.22 0.00 2.58 5.37
3.00 6.74 9.35 0.77 14.26 0.00 2.21 3.97
0.32 3.19 3.61 0.17 16.14 0.00 1.15 1.16
0.35 4.57 5.34 0.15 15.82 0.00 0.90 0.91
2.46 6.01 5.48 1.39 17.98 0.00 2.35 3.45
0.56 5.09 5.34 0.16 14.94 0.00 1.65 0.90
0.34 4.87 5.04 0.19 16.64 0.00 1.35 0.93
0.41 7.05 6.13 0.20 18.90 0.00 2.88 0.64
0.31 5.33 5.76 0.13 18.86 0.00 1.02 1.08
0.37 5.06 6.39 0.18 18.63 0.00 1.58 0.95
1.43 6.94 7.01 0.27 17.78 0.00 5.66 2.16
0.30 3.52 4.49 0.12 17.97 0.00 1.77 0.91
0.46 4.66 4.95 0.26 17.63 0.00 1.58 1.86
0.30 4.44 4.21 0.16 14.84 0.00 2.49 0.27
0.22 4.52 6.37 0.12 17.35 0.00 3.44 0.12
0.27 3.55 4.41 0.18 16.45 0.00 3.39 0.19
0.26 3.03 2.63 0.16 19.29 0.00 2.82 0.25
0.25 3.79 3.34 0.15 17.16 0.00 3.54 0.25
0.31 3.79 3.90 0.17 15.72 0.00 4.17 0.26
0.29 3.63 4.71 0.18 13.94 0.00 3.31 0.43
0.27 2.63 3.68 0.15 19.02 0.00 3.95 0.26
0.41 4.50 4.48 0.20 16.79 0.00 4.50 0.36
0.23 3.42 3.97 0.11 17.10 0.00 2.81 0.23
0.28 2.67 3.25 0.14 18.05 0.00 4.09 0.14
0.27 4.28 3.72 0.15 17.62 0.00 2.41 0.22
0.29 5.13 4.37 0.15 16.05 0.00 2.88 0.27
0.26 2.58 2.89 0.13 18.72 0.00 3.59 0.14
0.30 3.56 2.84 0.16 17.76 0.00 4.18 0.21
1.49 6.29 6.92 0.42 12.60 0.00 1.63 0.72
0.59 6.06 6.66 0.30 14.75 0.00 1.18 0.31
0.43 4.09 4.62 0.20 15.65 0.00 1.07 0.36
0.68 8.35 9.07 0.26 11.75 0.00 2.32 0.46
0.47 4.63 4.80 0.21 11.97 0.00 1.14 0.32
0.52 5.99 6.47 0.24 13.33 0.00 1.30 0.19
0.61 4.39 5.59 0.21 14.43 0.00 0.82 0.55
0.33 4.80 5.01 0.20 14.14 0.00 0.52 0.56
0.29 4.01 4.51 0.18 14.80 0.00 0.63 0.18
0.41 4.03 4.55 0.12 13.15 0.00 1.09 0.36
0.31 4.20 4.78 0.20 10.58 0.00 0.93 0.25
0.25 3.27 3.20 0.14 14.55 0.00 0.63 0.20
0.29 4.03 4.46 0.13 14.68 0.00 0.86 0.23
0.21 2.84 3.39 0.11 17.38 0.00 0.69 0.32
0.21 2.59 3.25 0.12 17.51 0.00 0.77 0.30
0.32 3.40 4.88 0.19 16.97 0.00 1.08 0.54
0.53 4.25 3.76 0.31 17.91 0.00 1.55 1.05
0.41 4.26 4.70 0.18 16.76 0.00 1.63 0.89
0.34 2.58 2.57 0.24 18.15 0.00 0.99 0.56
0.36 3.86 3.43 0.18 19.30 0.00 1.39 0.51
0.42 3.29 3.24 0.19 19.54 0.00 1.37 0.75
0.56 5.36 7.59 0.27 17.46 0.00 1.61 1.14
0.37 3.29 2.90 0.21 17.97 0.00 1.10 0.75
0.30 2.66 2.16 0.17 18.65 0.00 0.98 0.40
0.27 2.24 2.18 0.14 18.47 0.00 1.42 0.35
0.40 4.13 4.48 0.18 18.29 0.00 0.98 0.86
0.37 3.49 2.86 0.19 17.73 0.00 1.32 0.62
0.54 6.32 7.22 0.28 16.09 0.00 1.36 0.68
0.31 3.24 2.80 0.14 19.31 0.00 1.38 0.42
0.43 5.01 5.43 0.21 17.51 0.00 1.38 0.77
0.38 4.39 5.49 0.16 17.62 0.00 1.51 1.07
0.60 4.91 6.27 0.41 15.12 0.00 1.29 1.81
0.29 5.11 7.06 0.14 17.70 0.00 1.23 0.64
0.42 5.19 6.70 0.25 11.58 0.00 0.69 0.74
0.24 2.49 2.82 0.11 17.16 0.00 0.79 0.92
0.43 4.13 5.09 0.45 17.94 0.00 1.10 1.46
0.31 4.95 6.51 0.15 11.23 0.00 0.88 0.45
0.15 3.43 4.76 0.07 18.01 0.00 0.68 0.24
0.36 2.95 3.43 0.49 19.22 0.00 1.39 1.85
0.36 4.73 7.19 0.20 15.64 0.00 1.04 0.72
0.54 5.14 6.82 0.43 19.19 0.00 1.38 1.35
0.49 5.31 6.91 0.72 16.89 0.00 1.90 2.11
0.25 4.94 7.68 0.12 15.91 0.00 0.71 0.31
0.22 5.10 6.78 0.10 18.28 0.00 1.14 0.28
0.25 7.24 9.49 0.13 15.49 0.00 1.62 0.21
2.64 7.56 10.10 0.31 13.01 0.00 6.37 1.31
0.63 8.16 10.10 0.37 15.35 0.00 2.58 0.71
1.23 8.45 12.65 0.36 14.79 0.00 2.91 0.92
1.35 5.71 7.33 0.27 15.73 0.00 3.69 0.21
0.54 10.12 14.59 0.34 11.50 0.00 2.47 0.64
0.78 6.05 7.31 0.45 14.59 0.00 2.67 0.77
2.44 6.47 8.69 0.39 17.61 0.00 7.77 0.54
0.92 8.31 10.98 0.47 15.15 0.00 1.82 1.07
1.25 7.09 7.89 0.42 14.55 0.00 4.19 0.76
1.85 8.99 10.15 1.60 15.88 0.00 3.37 1.95
0.54 6.99 10.07 0.28 15.71 0.00 2.71 0.37
1.32 7.34 11.28 0.28 15.71 0.00 4.13 0.38
0.67 9.55 10.91 0.38 17.40 0.00 4.97 0.56
1.48 4.24 4.56 0.39 19.55 0.00 3.35 0.43
0.63 8.10 11.73 0.35 16.43 0.00 3.48 0.75
0.36 5.66 5.93 0.23 15.37 0.00 2.55 0.83
0.36 6.31 7.40 0.11 15.41 0.00 3.38 0.98
1.37 8.49 12.08 0.18 14.41 0.00 4.27 1.50
1.17 6.42 7.65 0.51 11.84 0.00 2.52 1.70
0.55 5.96 7.12 0.26 13.92 0.00 2.77 1.33
1.22 6.00 6.69 0.76 14.57 0.00 3.18 2.00
0.42 9.64 12.34 0.19 12.53 0.00 3.88 0.72
0.31 7.89 9.67 0.15 12.70 0.00 2.74 1.19
0.43 5.42 5.81 0.22 18.75 0.00 3.28 0.56
0.38 6.99 6.80 0.16 10.66 0.00 2.43 0.69
1.42 7.64 8.50 0.23 13.08 0.00 5.61 1.13
0.37 6.47 9.28 0.12 17.06 0.00 4.59 0.66
0.60 9.85 12.20 0.24 17.21 0.00 6.68 1.38
0.50 12.19 19.77 0.26 12.66 0.00 5.06 1.49
0.69 8.81 15.15 0.23 15.09 0.00 4.65 1.86
0.44 4.72 5.40 0.19 13.47 0.00 2.20 1.02
0.53 11.19 13.63 0.22 12.35 0.00 3.26 1.08
0.25 4.06 4.58 0.12 15.10 0.00 1.56 0.74
0.39 4.97 5.30 0.27 13.66 0.00 2.15 0.92
1.18 6.05 7.08 0.20 14.37 0.00 4.70 0.89
0.33 3.61 4.03 0.17 15.03 0.00 1.26 0.66
1.08 5.69 7.16 0.23 14.20 0.00 3.45 1.03
0.46 6.46 6.78 0.22 14.36 0.00 2.59 1.02
0.35 4.91 5.41 0.15 13.92 0.00 2.79 0.94
0.34 6.65 7.74 0.16 18.70 0.00 2.20 0.88
0.56 7.11 9.26 0.30 16.94 0.00 3.27 1.27
0.41 5.54 7.31 0.17 15.47 0.00 3.16 0.93
0.40 4.71 4.89 0.16 17.66 0.00 2.51 0.88
0.35 5.12 5.29 0.13 19.32 0.00 4.87 0.69
0.30 4.82 5.15 0.11 19.31 0.00 2.42 0.80
0.50 5.79 6.84 0.20 17.17 0.00 3.30 1.64
0.90 5.85 7.58 0.14 15.77 0.00 3.19 1.39
0.30 3.96 4.51 0.13 14.75 0.00 1.94 1.38
0.49 4.58 6.24 0.21 14.88 0.00 2.53 1.59
0.37 5.48 6.33 0.18 13.30 0.00 2.02 1.39
0.25 3.64 4.50 0.10 16.24 0.00 2.05 1.38
0.38 6.24 7.65 0.16 15.83 0.00 2.85 1.47
0.25 4.64 6.56 0.09 13.48 0.00 1.71 0.99
0.23 4.60 5.52 0.09 16.52 0.00 1.69 1.43
0.62 6.37 8.57 0.17 14.95 0.00 3.47 2.06
0.33 3.74 2.83 0.15 14.20 0.00 1.89 0.96
0.30 3.86 4.21 0.10 13.92 0.00 1.70 1.51
0.37 5.46 3.23 0.15 17.96 0.00 2.99 0.84
0.32 4.30 3.76 0.12 16.54 0.00 2.30 0.65
0.18 3.01 2.91 0.06 19.51 0.00 1.95 0.70
0.35 7.67 10.21 0.20 12.84 0.00 2.26 0.45
0.39 6.47 6.41 0.21 13.75 0.00 2.74 1.24
0.43 9.53 8.23 0.21 10.88 0.00 2.44 0.91
0.37 7.45 10.82 0.23 15.22 0.00 2.02 0.79
0.34 5.04 5.20 0.16 16.19 0.00 1.78 0.93
0.45 6.53 7.31 0.23 11.84 0.00 2.32 1.48
0.38 9.17 9.55 0.20 8.14 0.00 1.41 1.11
0.34 6.48 5.85 0.16 14.88 0.00 1.93 0.66
0.43 8.49 9.82 0.18 17.56 0.00 1.97 1.06
0.34 6.42 9.49 0.13 13.53 0.00 1.83 0.63
0.99 6.16 9.29 0.19 16.37 0.00 3.00 1.23
0.32 5.42 7.79 0.15 16.65 0.00 2.32 1.30
0.37 4.42 5.51 0.16 15.77 0.00 1.73 0.60
0.37 6.42 6.82 0.14 16.28 0.00 2.20 0.88
0.46 5.83 5.78 0.19 15.53 0.00 2.89 0.81
1.82 10.94 13.40 0.42 13.53 0.00 4.76 1.64
0.96 5.44 5.75 0.27 15.99 0.00 2.99 1.32
2.41 5.61 6.36 0.35 16.39 0.00 4.16 1.17
0.80 5.22 6.56 0.30 16.83 0.00 3.01 0.82
0.41 6.20 7.17 0.21 17.49 0.00 2.29 0.77
1.06 5.85 5.39 0.23 18.18 0.00 3.66 1.34
0.60 5.89 6.98 0.33 17.51 0.00 1.77 0.87
0.46 4.23 5.14 0.23 18.04 0.00 2.68 0.76
0.60 5.69 4.79 0.35 16.43 0.00 2.85 1.34
1.96 7.11 7.84 0.29 16.98 0.00 4.75 0.79
2.05 3.83 4.19 0.58 18.81 0.00 4.01 1.31
0.94 4.05 4.86 0.11 19.18 0.00 6.31 0.41
1.27 4.92 4.54 0.24 18.82 0.00 7.25 0.29
1.48 5.44 6.29 0.23 18.59 0.00 8.83 0.70
1.25 5.08 6.22 0.20 18.36 0.00 6.74 0.78
1.29 6.99 7.68 0.13 15.96 0.00 5.47 0.48
0.60 6.91 8.86 0.19 14.27 0.00 3.92 2.43
0.56 6.56 8.16 0.15 16.44 0.00 2.76 1.64
0.34 5.02 5.00 0.18 15.76 0.00 1.89 0.75
0.35 3.59 4.01 0.12 18.26 0.00 2.54 1.28
0.46 4.82 5.78 0.12 18.96 0.00 3.42 1.18
0.30 4.68 5.86 0.12 17.13 0.00 2.45 0.47
0.29 4.67 4.68 0.10 18.36 0.00 1.63 0.65
0.50 4.05 4.91 0.22 18.35 0.00 2.31 1.88
0.32 2.73 2.61 0.11 19.59 0.00 1.84 0.93
1.11 4.37 5.71 0.10 18.01 0.00 5.41 1.10
0.64 5.00 5.66 0.18 16.67 0.00 2.30 2.11
0.33 3.69 4.31 0.10 21.28 0.00 2.47 0.70
0.32 3.53 3.93 0.09 18.04 0.00 2.68 0.74
1.19 6.04 7.49 0.11 19.77 0.00 6.72 0.80
0.37 4.16 4.55 0.22 14.66 0.00 1.25 0.84
0.40 4.30 5.41 0.20 13.38 0.00 2.23 1.02
0.48 3.63 3.47 0.19 17.22 0.00 1.72 0.83
0.36 6.81 7.12 0.21 13.31 0.00 1.91 0.76
0.44 6.23 7.16 0.21 12.99 0.00 1.90 1.04
0.31 4.93 5.85 0.15 17.76 0.00 1.94 0.40
0.30 2.97 2.81 0.19 18.76 0.00 1.41 0.59
0.48 4.98 3.72 0.24 15.03 0.00 1.95 1.17
0.56 4.51 5.11 0.26 15.81 0.00 2.51 1.07
0.40 3.69 3.86 0.21 18.29 0.00 2.29 0.76
0.50 6.44 6.67 0.25 14.06 0.00 2.22 0.90
0.35 4.62 4.91 0.22 16.74 0.00 2.44 0.79
0.34 2.95 2.80 0.23 19.61 0.00 1.80 0.44
0.49 4.95 7.74 0.21 17.00 0.00 2.42 1.07
0.62 3.83 4.16 0.66 17.26 0.00 1.82 1.44
0.56 4.58 6.23 0.33 17.62 0.00 1.90 1.09
0.19 3.50 3.10 0.08 19.37 0.00 2.58 0.60
0.14 2.88 2.80 0.08 19.80 0.00 2.63 0.22
0.75 3.07 3.60 0.09 20.26 0.00 2.51 0.43
0.16 2.48 2.09 0.09 19.51 0.00 2.64 0.18
0.19 3.78 3.35 0.12 17.53 0.00 1.95 0.16
0.21 2.57 2.72 0.10 21.13 0.00 2.31 0.24
0.16 3.39 2.49 0.07 20.79 0.00 2.18 0.19
0.23 3.32 2.63 0.12 18.10 0.00 3.10 0.17
0.22 3.40 3.23 0.12 18.05 0.00 2.36 0.41
1.11 3.63 3.09 0.11 17.77 0.00 3.13 0.38
0.19 2.33 2.63 0.10 18.81 0.00 4.39 0.26
0.18 4.80 3.10 0.08 16.79 0.00 3.30 0.26
1.27 3.61 3.22 0.10 18.46 0.00 4.30 0.23
0.31 3.81 3.88 0.13 18.17 0.00 3.20 0.28
0.32 5.50 4.47 0.13 14.44 0.00 1.35 1.00
0.50 4.27 4.78 0.22 15.00 0.00 2.15 1.47
0.66 4.55 4.37 0.21 15.53 0.00 2.51 2.21
0.77 5.62 5.87 1.20 14.50 0.00 1.40 2.26
0.56 5.35 5.39 0.23 15.20 0.00 2.07 1.50
0.67 7.44 8.45 0.25 13.46 0.00 2.53 2.15
0.38 5.78 6.03 0.16 14.92 0.00 1.82 1.03
0.61 5.58 5.46 0.31 16.66 0.00 2.49 1.95
0.71 7.33 8.77 0.20 15.08 0.00 3.96 1.96
0.45 4.01 3.51 0.17 17.46 0.00 1.63 1.53
0.82 5.87 6.73 0.28 17.20 0.00 3.01 2.40
0.82 4.58 3.67 0.22 18.57 0.00 3.22 2.29
0.52 3.87 4.15 0.20 19.21 0.00 2.66 1.06
0.56 3.64 2.95 0.15 19.73 0.00 3.52 1.46
0.83 5.02 3.71 0.23 18.50 0.00 2.94 2.64
0.31 4.61 4.81 0.14 15.02 0.00 2.76 0.49
0.29 3.72 3.89 0.12 14.23 0.00 2.06 0.83
0.37 5.81 5.86 0.16 10.59 0.00 1.84 1.04
0.24 5.99 8.21 0.12 14.25 0.00 3.35 0.55
0.38 7.58 8.34 0.20 9.57 0.00 1.97 1.22
0.59 7.58 7.84 0.41 14.84 0.00 2.40 1.52
0.34 5.18 4.79 0.16 15.90 0.00 2.80 0.45
2.20 8.15 7.39 0.64 11.61 0.00 2.52 1.23
0.64 5.18 5.94 0.54 14.79 0.00 2.34 1.98
0.31 3.86 3.87 0.14 20.40 0.00 2.54 0.27
2.71 5.57 6.32 1.12 15.18 0.00 3.31 2.33
2.09 6.68 6.59 2.27 11.43 0.00 4.60 3.62
0.80 7.93 10.71 0.48 16.59 0.00 3.02 1.80
1.47 6.58 5.90 1.48 14.39 0.00 3.47 2.72
0.51 5.04 5.29 0.30 16.45 0.00 2.53 2.14
0.29 3.24 3.97 0.14 17.60 0.00 0.96 0.92
0.27 3.32 4.17 0.15 18.95 0.00 0.89 0.79
0.31 3.77 4.39 0.17 18.79 0.00 0.79 0.87
0.31 2.94 3.60 0.17 16.99 0.00 1.15 0.53
0.26 4.05 4.91 0.13 17.98 0.00 0.70 0.56
0.25 3.07 3.08 0.14 18.58 0.00 0.67 0.77
0.31 3.78 4.54 0.15 15.77 0.00 1.01 0.51
0.32 3.80 4.98 0.17 20.35 0.00 0.94 0.64
0.27 3.65 3.92 0.14 17.92 0.00 0.71 0.76
0.36 3.38 3.98 0.20 17.36 0.00 0.89 0.79
0.29 5.33 7.55 0.14 17.77 0.00 1.00 0.61
0.27 3.26 4.81 0.14 18.49 0.00 0.86 0.91
0.38 3.50 4.00 0.20 19.58 0.00 1.36 0.61
0.40 3.41 4.08 0.18 18.89 0.00 1.04 0.44
0.28 2.90 3.29 0.14 20.21 0.00 0.88 0.85
0.79 3.99 4.22 0.17 14.80 0.00 2.01 1.11
0.29 3.46 4.42 0.16 16.88 0.00 0.39 0.73
0.24 3.31 3.83 0.12 15.92 0.00 0.47 0.70
0.27 3.35 3.89 0.16 13.16 0.00 0.43 0.77
0.26 4.05 5.64 0.14 15.90 0.00 0.44 0.89
0.22 2.80 2.86 0.11 15.80 0.00 0.56 0.63
0.24 3.91 4.73 0.14 17.11 0.00 0.41 0.70
0.25 3.29 3.69 0.14 17.74 0.00 0.49 0.83
0.21 4.86 5.78 0.09 13.06 0.00 0.37 0.50
0.25 4.02 5.21 0.13 17.01 0.00 0.47 0.73
0.23 2.91 3.68 0.12 18.49 0.00 0.41 0.69
0.21 3.74 5.13 0.10 14.21 0.00 0.49 0.54
0.17 2.75 3.35 0.09 17.75 0.00 0.57 0.72
0.23 3.31 4.65 0.09 18.48 0.00 0.42 0.63
0.23 3.71 4.77 0.11 16.02 0.00 0.40 0.59
0.19 2.76 4.08 0.10 14.87 0.00 2.55 0.16
0.27 2.79 4.40 0.12 16.48 0.00 3.16 0.25
0.31 2.91 3.13 0.14 14.47 0.00 2.87 0.41
0.16 2.56 2.77 0.08 19.57 0.00 2.62 0.16
0.30 4.91 2.75 0.15 16.56 0.00 3.77 0.23
0.22 4.28 4.27 0.12 18.55 0.00 2.94 0.24
0.19 4.66 4.46 0.09 16.52 0.00 2.35 0.24
0.31 3.76 3.05 0.14 19.36 0.00 2.84 0.30
0.20 3.05 2.69 0.10 19.88 0.00 2.90 0.29
0.81 1.92 2.02 0.09 17.22 0.00 2.53 0.14
0.95 3.02 3.23 0.08 17.83 0.00 3.96 0.38
0.24 2.63 3.96 0.11 17.64 0.00 2.27 0.37
0.20 5.28 3.30 0.11 15.41 0.00 2.32 0.41
0.23 2.86 2.78 0.09 20.80 0.00 2.64 0.21
0.25 3.00 2.50 0.10 20.95 0.00 3.15 0.41
0.45 3.42 3.71 0.10 14.35 0.00 1.03 0.58
0.14 2.16 2.09 0.07 16.18 0.00 1.16 0.47
0.22 3.44 3.80 0.10 15.04 0.00 2.03 0.29
0.16 4.08 4.62 0.09 12.74 0.00 0.88 0.21
0.17 4.22 5.15 0.10 14.54 0.00 1.51 0.28
0.15 2.73 2.90 0.08 17.62 0.00 1.36 0.21
0.21 5.06 6.70 0.11 15.49 0.00 1.04 0.18
0.22 4.36 4.30 0.11 15.40 0.00 1.66 0.37
0.19 4.98 4.92 0.11 17.45 0.00 1.81 0.14
0.17 2.83 3.00 0.08 15.06 0.00 1.18 0.15
0.16 2.79 2.80 0.10 15.65 0.00 1.41 0.18
0.15 2.74 3.12 0.07 16.50 0.00 1.86 0.34
0.17 2.73 3.20 0.10 18.34 0.00 1.34 0.18
0.18 3.04 4.11 0.09 20.21 0.00 1.76 0.35
0.16 2.93 3.93 0.08 19.24 0.00 1.19 0.28
