0.21 3.08 3.28 0.09 16.37 0.00 2.55 0.44
0.95 5.48 6.48 1.43 14.83 0.00 3.81 4.63
0.35 6.44 7.30 0.11 15.68 0.00 2.70 1.19
0.20 4.98 5.47 0.09 20.08 0.00 2.27 0.52
0.26 5.17 5.30 0.10 17.28 0.00 2.44 0.73
0.23 4.21 5.51 0.10 20.15 0.00 3.30 0.63
0.74 4.25 5.94 1.34 20.12 0.00 3.17 3.41
0.26 3.86 5.63 0.10 20.66 0.00 3.63 0.61
0.26 4.98 6.75 0.10 19.97 0.00 3.61 0.77
1.37 3.68 4.27 0.42 20.46 0.00 2.52 2.47
0.32 7.75 8.90 0.13 15.27 0.00 3.27 0.93
0.41 7.11 9.56 0.17 17.06 0.00 3.89 0.93
0.35 5.99 7.79 0.13 18.68 0.00 3.16 0.73
0.42 7.07 9.81 0.15 20.42 0.00 3.90 0.68
0.21 4.19 5.76 0.07 18.17 0.00 1.56 0.43
0.21 3.13 4.62 0.10 14.43 0.00 0.68 0.20
0.25 5.98 9.70 0.13 13.65 0.00 1.19 0.22
0.31 5.15 7.84 0.12 15.16 0.00 1.95 0.29
0.43 4.08 5.99 0.49 11.63 0.00 0.86 4.68
0.18 3.17 4.35 0.10 17.65 0.00 1.74 0.48
0.21 3.24 3.77 0.11 18.84 0.00 2.02 0.20
0.29 3.60 4.99 0.13 15.01 0.00 1.62 0.35
0.76 3.73 4.39 0.93 16.17 0.00 1.98 5.30
1.93 4.00 4.89 2.06 18.97 0.00 6.75 3.74
0.85 3.56 4.75 1.03 16.98 0.00 1.58 4.91
0.19 2.25 2.70 0.09 18.39 0.00 2.07 0.26
0.76 2.04 2.76 0.13 18.44 0.00 3.43 0.25
0.61 4.09 6.39 1.07 16.34 0.00 1.13 3.33
0.15 3.58 4.05 0.07 17.05 0.00 1.91 0.23
0.16 2.50 3.13 0.08 17.79 0.00 1.85 0.14
0.30 8.33 8.92 0.19 13.52 0.00 2.86 0.27
0.21 5.78 5.40 0.12 16.60 0.00 3.90 0.39
0.33 7.44 10.45 0.16 14.47 0.00 5.31 0.44
0.34 8.21 8.28 0.25 15.24 0.00 3.69 0.32
0.33 4.65 6.29 0.20 19.67 0.00 4.73 0.24
0.36 9.58 12.53 0.24 17.14 0.00 5.89 0.37
0.26 4.99 5.37 0.15 19.05 0.00 3.81 0.15
0.16 3.39 2.79 0.08 20.71 0.00 4.13 0.08
0.27 7.67 11.92 0.16 16.78 0.00 5.73 0.20
0.30 6.88 5.58 0.12 15.96 0.00 5.39 0.65
0.55 10.09 20.54 0.24 15.31 0.00 6.79 1.38
0.73 13.10 27.33 0.30 14.27 0.00 7.24 1.44
0.92 15.94 32.63 0.44 14.71 0.00 8.73 1.19
0.54 8.99 15.39 0.23 17.57 0.00 6.30 0.76
0.65 8.95 12.95 0.38 17.15 0.00 5.11 0.76
0.13 2.83 3.22 0.07 12.55 0.00 0.66 0.21
0.15 4.97 7.25 0.08 15.18 0.00 0.69 0.30
0.18 6.01 7.75 0.09 14.63 0.00 1.02 0.38
0.12 2.57 3.15 0.07 17.51 0.00 0.85 0.12
0.15 3.39 4.48 0.08 16.15 0.00 1.08 0.24
0.22 5.64 7.95 0.10 16.24 0.00 2.28 0.42
0.14 2.57 2.83 0.09 15.30 0.00 0.85 0.48
0.74 3.75 4.68 1.21 16.29 0.00 1.42 4.44
0.19 3.83 4.11 0.10 14.53 0.00 1.48 0.57
0.17 3.28 3.73 0.08 19.34 0.00 1.04 0.33
0.21 4.94 6.57 0.10 16.97 0.00 2.05 0.18
0.18 3.35 3.59 0.10 17.26 0.00 2.10 0.34
0.19 2.34 2.45 0.12 17.62 0.00 1.37 0.59
0.29 4.50 5.48 0.14 17.33 0.00 1.75 0.44
0.27 3.53 4.00 0.15 18.17 0.00 1.86 0.55
0.28 4.52 4.29 0.12 14.34 0.00 1.88 0.79
0.27 5.68 5.96 0.11 15.70 0.00 2.64 1.13
0.40 4.52 3.49 0.16 17.32 0.00 3.59 1.04
0.27 4.61 6.00 0.11 17.70 0.00 2.16 1.25
0.31 5.54 6.73 0.13 16.48 0.00 3.03 1.19
0.33 5.92 7.68 0.13 16.58 0.00 2.08 1.14
0.26 5.34 7.81 0.12 15.51 0.00 2.41 1.18
0.26 5.55 6.43 0.12 15.18 0.00 2.49 0.91
0.25 3.98 4.53 0.09 16.90 0.00 2.89 1.19
0.36 5.67 7.31 0.15 16.80 0.00 2.06 1.48
0.25 4.02 4.42 0.11 19.52 0.00 2.48 1.06
0.27 5.06 6.08 0.09 16.65 0.00 2.22 0.80
0.29 4.48 7.32 0.13 17.93 0.00 2.78 0.97
0.39 4.14 3.43 0.16 17.83 0.00 3.46 0.94
1.28 9.42 14.75 0.28 16.26 0.00 4.64 4.03
0.16 3.35 4.57 0.10 15.30 0.00 1.40 0.15
0.13 3.13 3.84 0.08 10.04 0.00 0.74 0.12
0.12 2.67 3.38 0.08 15.34 0.00 1.13 0.09
0.16 2.21 2.60 0.10 14.03 0.00 1.00 0.19
0.12 2.15 2.80 0.08 16.92 0.00 0.76 0.23
0.12 2.11 2.19 0.08 17.08 0.00 0.98 0.19
0.14 2.63 3.52 0.09 17.16 0.00 1.52 0.23
0.14 2.37 2.97 0.09 18.42 0.00 0.76 0.21
0.17 2.60 2.80 0.10 16.13 0.00 0.95 0.30
0.13 3.12 3.44 0.09 14.43 0.00 1.14 0.22
0.13 3.03 3.92 0.07 17.15 0.00 0.80 0.34
0.12 2.34 2.82 0.08 17.18 0.00 0.93 0.20
0.17 3.02 3.83 0.10 17.42 0.00 1.49 0.34
0.14 1.44 1.66 0.09 19.28 0.00 0.95 0.32
0.16 1.91 2.28 0.10 19.99 0.00 1.41 0.29
0.24 5.09 6.64 0.11 14.26 0.00 0.72 0.27
0.13 3.44 4.08 0.06 18.62 0.00 1.02 0.22
0.12 3.63 4.35 0.07 16.00 0.00 0.29 0.22
0.16 3.18 4.01 0.07 17.59 0.00 1.08 0.20
0.29 2.57 2.63 0.43 18.58 0.00 0.98 1.97
0.29 2.69 2.63 0.22 17.27 0.00 0.62 0.75
0.16 4.59 6.73 0.06 13.86 0.00 0.85 0.16
0.17 2.18 2.41 0.09 19.92 0.00 1.21 0.27
0.18 2.39 2.16 0.11 13.58 0.00 0.82 0.24
0.12 2.71 3.37 0.05 19.02 0.00 0.80 0.21
0.20 4.59 5.69 0.09 13.87 0.00 1.04 0.25
0.16 2.36 2.67 0.10 16.30 0.00 1.04 0.18
0.18 3.14 2.95 0.09 17.50 0.00 1.25 0.18
0.17 2.64 2.97 0.07 16.36 0.00 1.06 0.29
0.13 2.16 2.19 0.08 19.49 0.00 1.99 0.08
0.17 3.79 4.33 0.11 16.26 0.00 0.78 0.15
0.11 1.94 2.52 0.05 16.90 0.00 0.73 0.10
0.08 1.38 1.72 0.05 18.34 0.00 1.44 0.09
0.49 3.61 4.94 0.59 19.16 0.00 1.69 5.62
0.13 2.65 3.10 0.06 18.22 0.00 0.97 0.18
0.08 1.38 1.98 0.04 19.68 0.00 1.08 0.09
0.15 2.53 3.42 0.08 18.89 0.00 0.69 0.20
0.14 1.78 1.94 0.06 20.01 0.00 1.34 0.41
0.13 3.19 4.51 0.06 20.59 0.00 1.69 0.14
0.15 2.26 3.02 0.07 17.76 0.00 0.79 0.18
0.09 2.13 3.10 0.04 19.91 0.00 1.57 0.11
0.10 1.67 1.88 0.05 20.13 0.00 1.53 0.35
0.14 3.45 4.37 0.06 18.45 0.00 0.66 0.18
0.12 2.55 3.37 0.04 21.25 0.00 3.55 0.29
0.14 2.53 3.55 0.07 18.03 0.00 1.47 0.20
0.35 4.45 5.77 0.17 8.96 0.00 0.61 1.49
0.26 4.97 7.31 0.12 8.09 0.00 0.98 1.53
0.19 3.56 4.01 0.09 13.01 0.00 1.50 0.57
0.32 6.06 9.25 0.14 15.18 0.00 0.67 1.37
0.45 6.72 8.00 0.21 17.30 0.00 2.32 0.75
0.35 4.41 6.29 0.15 18.85 0.00 0.54 0.75
0.20 4.60 5.93 0.09 8.33 0.00 0.77 1.09
0.31 4.36 5.33 0.12 15.29 0.00 1.16 0.70
0.29 4.41 6.18 0.11 17.68 0.00 0.84 0.79
0.21 4.23 6.14 0.09 15.03 0.00 0.73 1.11
0.27 4.94 8.25 0.10 13.97 0.00 1.19 0.90
0.35 5.26 7.82 0.11 15.23 0.00 1.43 0.74
0.25 5.55 8.03 0.08 13.70 0.00 1.48 0.85
0.29 5.78 8.14 0.11 15.83 0.00 1.00 0.56
0.52 6.46 9.29 0.20 15.31 0.00 0.56 0.74
0.86 4.75 6.43 0.10 18.28 0.00 3.94 0.45
0.20 2.18 2.85 0.10 18.49 0.00 1.87 0.20
0.30 3.59 3.91 0.10 16.96 0.00 2.57 0.47
0.20 4.11 5.59 0.08 18.54 0.00 1.68 0.23
0.19 4.60 4.72 0.09 17.36 0.00 1.45 0.20
0.13 3.75 4.85 0.05 16.79 0.00 2.05 0.22
0.14 4.06 5.19 0.08 15.46 0.00 1.51 0.15
0.14 3.91 3.93 0.08 17.08 0.00 2.25 0.11
0.24 4.99 7.13 0.10 16.46 0.00 1.42 0.68
0.16 2.18 2.76 0.07 19.14 0.00 1.82 0.24
0.17 3.84 6.35 0.09 17.70 0.00 1.76 0.19
0.15 2.35 2.93 0.07 19.28 0.00 2.19 0.18
0.13 3.08 3.99 0.07 19.66 0.00 1.68 0.18
0.12 1.91 2.89 0.05 20.00 0.00 2.92 0.19
0.11 2.26 2.63 0.05 18.71 0.00 2.23 0.20
0.89 3.37 4.39 0.98 14.97 0.00 1.06 3.18
0.23 3.78 5.33 0.09 14.85 0.00 1.68 0.50
1.26 3.94 5.88 0.13 15.30 0.00 3.32 0.65
11.60 8.02 8.02 2.51 9.87 0.00 20.23 8.45
0.80 4.73 4.53 0.54 14.92 0.00 1.91 5.63
5.59 8.73 10.47 2.70 14.83 0.00 3.55 2.81
0.40 4.54 4.95 0.55 11.26 0.00 1.19 3.25
0.68 8.05 8.40 0.79 13.80 0.00 2.15 5.46
6.91 9.70 11.78 4.96 12.98 0.00 3.73 9.96
1.37 5.38 5.12 0.15 13.82 0.00 1.89 0.60
0.26 5.69 6.19 0.14 17.62 0.00 2.20 0.26
0.91 3.88 3.16 1.53 17.79 0.00 3.90 5.01
2.60 8.28 11.49 2.68 11.30 0.00 1.96 8.92
5.30 9.25 11.03 3.62 9.17 0.00 2.09 8.46
0.90 13.49 17.25 1.40 13.35 0.00 3.09 3.79
0.16 3.08 4.17 0.07 14.51 0.00 1.10 0.30
0.19 2.41 2.41 0.09 15.15 0.00 1.12 0.44
0.87 3.67 3.20 0.11 13.98 0.00 4.06 0.38
0.20 6.35 5.88 0.08 12.81 0.00 1.38 0.29
0.21 2.67 3.02 0.09 18.36 0.00 1.02 0.41
2.90 3.01 3.59 0.56 19.09 0.00 1.92 2.67
0.18 4.50 4.65 0.07 13.91 0.00 2.03 0.33
0.40 3.79 4.40 0.37 17.80 0.00 1.54 1.58
0.62 4.23 3.62 0.83 17.82 0.00 2.38 1.96
0.23 2.86 3.53 0.10 20.99 0.00 1.75 0.26
0.20 4.19 4.21 0.09 19.55 0.00 2.19 0.33
2.45 4.41 4.51 0.55 18.95 0.00 1.79 2.29
0.20 4.51 5.70 0.10 18.25 0.00 2.10 0.35
0.66 3.56 4.94 0.91 20.49 0.00 3.08 2.17
0.39 6.36 6.42 0.18 20.02 0.00 2.81 0.78
0.17 3.58 3.94 0.09 13.42 0.00 2.05 0.40
1.01 4.62 4.56 0.63 14.17 0.00 2.83 1.79
1.29 5.30 4.20 1.39 13.01 0.00 4.52 2.58
0.18 4.84 4.93 0.09 16.32 0.00 3.20 0.38
0.22 3.80 3.18 0.09 19.30 0.00 3.06 0.46
0.28 3.80 2.59 0.14 18.48 0.00 2.76 0.27
0.26 4.79 4.24 0.10 15.91 0.00 2.45 0.39
0.36 4.85 4.30 0.16 18.78 0.00 2.59 0.41
0.17 3.37 2.71 0.09 19.64 0.00 2.90 0.19
1.16 3.64 4.72 0.10 20.08 0.00 5.85 0.16
0.69 2.80 3.06 1.33 20.22 0.00 3.96 2.57
0.22 4.85 3.99 0.11 18.73 0.00 3.15 0.21
0.17 4.37 4.43 0.07 19.68 0.00 2.33 0.23
0.26 2.64 2.31 0.14 20.91 0.00 2.57 0.30
0.68 3.16 2.92 1.31 19.66 0.00 2.07 2.48
0.35 4.44 4.39 0.14 15.57 0.00 2.98 0.80
0.41 6.35 6.54 0.19 15.27 0.00 3.44 0.85
0.39 5.86 5.70 0.17 15.53 0.00 4.61 0.78
0.34 3.24 2.97 0.19 19.09 0.00 2.69 0.88
0.49 5.73 4.81 0.18 17.73 0.00 3.46 1.00
0.44 5.65 4.54 0.16 17.13 0.00 4.06 1.22
0.45 4.55 3.70 0.26 17.47 0.00 2.27 1.15
0.44 5.28 3.94 0.25 17.03 0.00 3.85 1.20
0.43 5.32 4.72 0.17 17.27 0.00 2.93 1.20
0.25 3.03 2.88 0.10 18.80 0.00 3.16 0.48
0.29 4.65 2.54 0.16 19.69 0.00 3.47 0.30
1.19 6.20 6.76 1.86 18.30 0.00 4.94 3.09
1.68 6.05 6.53 0.27 17.56 0.00 7.63 1.02
0.42 4.98 6.30 0.23 17.05 0.00 3.77 1.09
0.49 6.43 6.06 0.24 17.77 0.00 5.87 1.26
0.71 4.05 5.15 0.68 12.28 0.00 0.94 1.44
1.03 3.93 4.20 0.25 15.61 0.00 2.39 1.42
0.89 3.64 3.72 0.11 15.46 0.00 1.91 0.68
0.32 6.10 8.70 0.11 16.49 0.00 1.16 0.67
0.29 4.55 5.14 0.13 16.96 0.00 1.50 0.91
0.24 4.12 5.20 0.08 17.42 0.00 1.36 0.64
0.41 6.03 8.62 0.20 16.63 0.00 1.40 1.42
0.32 4.48 5.18 0.12 16.52 0.00 1.77 0.86
0.39 4.75 5.32 0.18 17.69 0.00 1.74 0.85
2.30 6.17 10.42 0.30 17.47 0.00 1.74 2.08
0.52 10.60 14.19 0.22 13.67 0.00 1.86 0.82
0.75 7.22 10.21 0.83 14.72 0.00 2.65 2.32
0.39 7.73 9.86 0.15 16.78 0.00 1.81 0.86
0.29 9.42 11.12 0.13 12.67 0.00 0.99 0.53
0.17 6.28 9.30 0.08 14.51 0.00 0.88 0.24
0.47 7.27 10.25 0.28 14.52 0.00 2.18 0.52
0.18 5.52 6.45 0.09 13.13 0.00 2.30 0.38
3.09 6.99 7.92 2.21 12.19 0.00 2.41 3.20
0.17 2.96 3.31 0.09 17.61 0.00 0.91 0.38
0.24 3.94 3.70 0.11 19.47 0.00 2.88 0.21
0.24 3.46 3.27 0.11 19.38 0.00 2.01 0.25
0.38 4.23 4.00 0.20 16.41 0.00 1.73 0.44
0.27 3.31 4.20 0.11 19.42 0.00 1.86 0.35
0.34 3.97 3.32 0.19 16.57 0.00 2.41 0.60
0.30 4.18 4.80 0.17 17.07 0.00 1.93 0.36
0.21 3.30 2.80 0.09 18.20 0.00 2.43 0.30
1.51 5.35 8.34 2.00 18.62 0.00 3.12 6.18
0.36 5.62 4.83 0.18 16.85 0.00 2.32 0.50
0.44 3.08 2.91 0.18 19.16 0.00 3.74 0.75
0.63 6.97 6.10 0.20 17.34 0.00 4.48 1.84
0.67 5.34 7.08 0.12 12.37 0.00 0.88 0.35
0.19 2.72 3.49 0.14 14.60 0.00 0.27 0.70
0.42 6.88 9.39 0.14 12.68 0.00 0.12 1.24
0.16 3.36 3.94 0.09 16.88 0.00 0.64 0.25
0.17 3.42 4.39 0.11 16.80 0.00 0.27 0.29
0.54 7.88 10.60 0.19 14.09 0.00 0.22 1.60
0.14 2.94 3.39 0.09 8.97 0.00 0.22 0.19
0.19 3.95 4.76 0.23 13.09 0.00 0.18 1.82
0.52 8.22 10.55 0.17 13.72 0.00 0.22 1.75
0.11 2.31 2.74 0.06 17.28 0.00 0.26 0.27
0.17 3.19 4.09 0.10 16.02 0.00 0.20 0.28
0.45 7.03 9.65 0.15 14.91 0.00 0.18 1.60
0.33 4.67 6.36 0.47 10.89 0.00 0.25 2.65
0.15 4.06 5.23 0.10 14.72 0.00 0.21 0.65
0.63 8.34 12.35 0.24 13.17 0.00 0.58 1.87
0.25 2.94 3.92 0.13 16.56 0.00 0.47 0.27
0.75 2.77 3.33 0.11 16.49 0.00 2.06 0.30
0.21 2.85 3.19 0.11 16.69 0.00 0.37 0.28
1.27 3.55 4.13 0.26 18.01 0.00 1.09 1.52
0.17 3.05 3.37 0.11 18.97 0.00 0.69 0.18
0.15 2.04 2.01 0.08 18.77 0.00 0.84 0.13
0.19 2.54 2.91 0.10 16.98 0.00 0.77 0.31
0.17 1.83 2.21 0.10 19.31 0.00 0.74 0.22
0.19 2.51 2.93 0.12 19.18 0.00 0.81 0.20
0.20 2.95 3.40 0.09 18.62 0.00 0.98 0.23
0.31 3.87 4.04 0.22 19.37 0.00 0.63 0.20
0.17 1.88 2.03 0.09 18.95 0.00 1.01 0.27
0.19 2.24 2.98 0.08 18.83 0.00 0.85 0.55
0.21 3.34 4.55 0.10 18.42 0.00 1.01 0.28
0.21 2.13 2.27 0.13 17.31 0.00 1.19 0.20
1.19 7.44 7.57 0.43 11.99 0.00 2.37 1.79
0.37 6.86 8.30 0.15 10.09 0.00 0.81 0.72
0.71 5.41 7.59 1.07 13.57 0.00 1.14 2.45
1.26 5.23 5.74 0.63 15.57 0.00 1.05 4.75
0.54 6.46 8.05 0.59 11.74 0.00 0.55 3.18
0.36 8.48 13.49 0.10 15.37 0.00 0.83 0.48
0.64 6.52 6.63 0.87 4.96 0.00 0.75 5.11
0.30 6.47 9.15 0.10 12.82 0.00 0.66 0.72
0.34 5.34 7.22 0.10 15.30 0.00 0.65 0.60
1.23 7.82 11.20 1.21 15.18 0.00 0.92 6.55
0.34 9.11 14.35 0.13 11.48 0.00 0.69 0.40
0.32 8.16 12.79 0.11 12.51 0.00 1.15 0.47
1.16 8.67 13.84 0.79 15.27 0.00 0.58 6.64
0.43 7.09 10.73 0.36 17.08 0.00 0.66 1.20
0.37 7.10 9.85 0.15 17.08 0.00 0.74 0.92
0.41 4.97 5.26 0.20 16.31 0.00 1.00 0.71
0.36 4.69 6.18 0.18 12.60 0.00 1.03 0.48
0.59 3.83 4.12 0.67 16.03 0.00 0.60 4.70
0.43 6.29 7.58 0.24 16.84 0.00 0.93 0.49
0.41 4.50 5.65 0.19 14.17 0.00 1.01 0.44
0.33 3.90 3.72 0.17 14.31 0.00 1.38 0.19
0.98 5.02 5.88 0.22 15.29 0.00 1.40 0.59
0.93 4.43 5.73 0.14 14.84 0.00 2.83 0.61
0.30 4.28 5.55 0.13 16.34 0.00 0.91 0.58
0.80 5.41 5.78 0.24 13.51 0.00 1.24 0.55
0.70 3.31 3.70 0.71 17.54 0.00 1.00 6.54
0.61 2.94 2.84 0.88 15.18 0.00 0.82 2.85
0.32 4.89 5.69 0.17 15.59 0.00 1.14 0.63
0.34 6.01 9.46 0.16 17.36 0.00 0.91 0.50
0.36 5.68 5.73 0.18 13.73 0.00 0.91 0.46
0.25 3.95 4.62 0.14 10.88 0.00 0.38 0.71
0.30 3.01 3.45 0.40 10.84 0.00 0.53 3.95
0.19 4.43 5.12 0.10 11.40 0.00 1.21 0.96
0.19 3.35 4.20 0.10 14.26 0.00 0.55 0.62
0.15 2.62 2.88 0.08 12.49 0.00 0.79 1.30
0.13 2.80 2.82 0.06 13.58 0.00 1.26 0.85
0.22 3.06 3.23 0.14 12.27 0.00 0.72 0.62
0.21 3.44 3.19 0.10 14.60 0.00 1.09 1.36
0.14 2.53 2.93 0.07 14.75 0.00 0.96 1.04
0.20 2.99 3.34 0.10 12.54 0.00 0.62 0.74
0.17 2.16 2.28 0.08 18.16 0.00 1.02 0.74
0.56 3.63 3.32 0.08 13.34 0.00 2.18 1.04
0.20 2.59 3.47 0.12 17.04 0.00 0.74 1.80
0.83 5.43 6.42 0.35 17.50 0.00 1.38 2.04
0.27 3.33 3.70 0.12 17.84 0.00 1.23 1.07
0.98 3.97 5.07 1.40 13.67 0.00 0.95 4.74
0.80 2.48 2.66 0.99 17.46 0.00 3.51 3.16
0.26 3.25 2.95 0.08 18.11 0.00 2.98 0.87
1.31 3.75 3.50 0.09 17.21 0.00 3.04 0.52
0.24 2.37 1.48 0.10 17.43 0.00 2.10 0.62
0.29 3.65 2.71 0.09 18.57 0.00 2.33 0.68
0.56 3.48 3.22 0.59 17.76 0.00 2.14 1.96
0.21 2.74 2.06 0.08 17.14 0.00 1.44 0.50
0.31 3.53 2.80 0.12 15.83 0.00 2.31 0.77
0.92 2.32 2.28 0.91 19.68 0.00 2.54 4.31
0.31 3.49 3.78 0.10 18.72 0.00 1.96 0.69
0.30 3.02 2.88 0.11 19.74 0.00 2.33 0.73
0.38 4.01 3.40 0.13 15.22 0.00 1.73 1.73
0.37 3.25 2.44 0.12 18.85 0.00 2.29 1.31
0.47 3.86 2.68 0.19 18.92 0.00 2.55 1.84
0.35 4.24 5.76 0.15 13.58 0.00 1.67 0.26
0.26 4.43 5.37 0.10 17.39 0.00 1.91 0.30
0.29 3.66 4.25 0.11 16.64 0.00 2.57 0.25
0.23 3.78 4.53 0.10 17.53 0.00 1.16 0.20
0.24 4.54 4.69 0.11 15.16 0.00 2.31 0.33
0.20 5.48 5.77 0.09 15.72 0.00 1.91 0.29
0.29 8.64 8.86 0.18 10.26 0.00 0.96 0.23
0.24 3.10 3.60 0.12 16.04 0.00 1.85 0.27
0.33 4.96 4.85 0.17 17.14 0.00 2.55 0.45
0.21 4.42 5.05 0.10 15.30 0.00 1.99 0.19
0.19 2.85 2.85 0.11 17.65 0.00 2.61 0.20
0.21 4.29 3.38 0.09 18.85 0.00 2.81 0.23
0.27 5.29 5.26 0.12 13.97 0.00 1.88 0.48
0.18 3.11 4.06 0.09 19.45 0.00 3.09 0.12
0.35 2.88 3.71 0.17 19.24 0.00 2.83 0.37
0.81 3.90 4.84 1.02 10.07 0.00 0.75 6.24
0.47 3.30 3.17 0.73 12.16 0.00 0.70 3.66
0.13 1.93 1.39 0.06 19.20 0.00 1.06 0.30
0.57 3.68 4.71 0.89 14.77 0.00 0.80 3.15
0.42 1.78 1.77 0.60 18.08 0.00 0.87 4.16
0.33 2.45 1.96 0.50 17.86 0.00 1.04 3.51
0.56 3.73 3.88 0.76 13.45 0.00 1.17 5.68
0.16 2.88 3.37 0.06 15.39 0.00 1.02 0.34
0.16 2.69 2.53 0.05 16.58 0.00 1.19 0.37
0.48 2.48 2.55 0.61 18.38 0.00 0.73 5.61
0.14 1.40 1.46 0.06 20.25 0.00 1.24 0.32
0.40 2.03 1.42 0.71 20.01 0.00 1.53 2.30
0.26 2.22 2.73 0.38 18.51 0.00 0.94 1.78
0.13 1.95 1.85 0.04 18.29 0.00 0.69 0.77
0.18 2.78 2.07 0.06 18.65 0.00 1.35 0.48
0.30 4.37 5.57 0.18 14.56 0.00 0.66 0.37
0.17 2.33 2.78 0.10 12.76 0.00 0.52 0.23
0.15 2.11 2.43 0.08 14.79 0.00 0.52 0.25
0.18 3.42 4.33 0.10 14.76 0.00 0.57 0.22
0.14 2.38 2.77 0.07 17.72 0.00 0.56 0.18
0.13 3.07 3.88 0.07 17.87 0.00 0.66 0.18
0.14 3.30 3.98 0.07 14.46 0.00 0.57 0.27
0.12 3.14 4.55 0.07 17.84 0.00 0.47 0.18
0.11 2.39 2.90 0.06 18.53 0.00 0.53 0.14
0.17 2.38 2.84 0.10 17.76 0.00 0.58 0.18
0.14 2.44 3.23 0.09 17.62 0.00 0.48 0.18
0.17 4.39 5.99 0.10 16.66 0.00 0.70 0.17
0.11 2.89 3.92 0.06 19.38 0.00 0.72 0.18
0.12 3.26 3.70 0.07 18.00 0.00 0.61 0.11
0.09 1.85 2.18 0.04 20.23 0.00 0.59 0.17
