0.60 4.88 4.96 0.40 1.33
1.29 5.48 7.83 nan 1.36
2.16 4.26 5.00 nan 1.36
0.58 6.51 7.45 0.39 1.09
0.40 4.92 5.56 0.54 1.57
0.29 6.28 7.42 0.14 1.09
0.89 5.39 5.15 0.45 1.48
2.72 9.20 13.18 nan 1.49
4.50 7.58 8.50 nan 1.49
0.36 8.12 11.50 0.19 1.54
0.20 3.33 4.61 0.11 1.94
0.18 2.52 3.13 0.10 1.83
4.64 7.59 9.37 nan 1.08
3.48 6.41 7.38 nan 0.76
1.13 6.83 9.49 nan 1.08
2.08 7.57 9.21 nan 1.24
1.74 6.54 9.06 nan 1.29
0.77 6.35 8.56 nan 1.52
0.69 5.60 6.91 0.87 1.24
0.34 5.61 6.64 0.10 1.45
0.23 3.48 4.45 0.11 1.35
3.32 8.38 9.64 nan 1.07
2.90 9.84 12.10 nan 0.88
1.44 5.39 6.85 nan 1.16
0.17 5.86 6.44 0.09 1.61
0.14 5.22 5.50 0.07 1.43
0.20 4.23 5.33 0.10 1.50
0.26 2.96 3.26 0.12 1.33
0.42 3.09 3.76 0.18 1.30
1.33 5.20 4.75 nan 1.28
0.40 7.12 10.67 0.19 1.59
0.40 5.75 7.45 0.23 1.43
0.83 7.75 9.79 nan 1.26
0.24 5.14 7.23 0.12 1.80
0.43 6.34 8.45 0.17 1.72
0.96 4.91 5.67 nan 1.73
3.60 7.72 10.11 nan 1.64
3.64 11.04 15.82 nan 1.16
4.08 9.27 11.78 nan 1.12
1.38 7.79 10.99 nan 1.58
0.54 6.54 9.35 0.25 1.27
0.41 7.02 8.20 0.19 0.83
0.38 6.04 8.05 0.22 1.67
0.36 5.64 8.37 0.22 1.28
0.84 5.26 7.45 nan 1.32
0.21 5.65 6.92 0.10 1.71
0.42 5.34 7.05 0.22 1.63
0.41 6.41 7.82 0.17 1.67
1.56 3.76 4.95 nan 1.31
1.00 7.39 9.61 nan 0.90
1.48 5.33 6.63 nan 1.23
1.01 3.92 4.48 nan 1.33
1.35 5.37 6.39 nan 1.43
0.77 5.95 7.09 0.50 1.42
0.27 4.50 4.98 0.15 1.60
0.83 3.48 4.21 nan 1.57
0.72 5.48 7.14 0.69 1.66
4.47 12.16 16.35 nan 1.30
7.37 14.87 26.94 nan 0.68
3.80 16.52 21.45 nan 1.02
0.36 6.53 7.36 0.22 1.59
0.45 5.87 7.48 0.29 1.40
0.48 8.05 8.21 0.30 1.35
0.22 2.83 3.57 0.12 2.10
0.26 2.91 3.75 0.14 2.07
0.22 3.44 4.71 0.11 1.99
2.55 6.55 8.47 nan 1.17
1.90 5.79 7.29 nan 1.45
1.93 6.36 6.95 nan 1.52
0.53 4.09 5.01 0.73 1.10
0.79 5.71 7.56 nan 0.93
0.58 4.80 5.16 nan 0.92
0.55 6.11 8.39 0.00 1.61
2.73 8.76 13.16 nan 1.33
0.59 7.71 12.82 0.24 1.39
0.78 7.40 9.56 nan 1.18
0.88 6.58 8.85 nan 1.59
0.71 8.21 10.45 0.67 1.37
0.34 3.02 3.59 0.17 1.36
0.45 4.28 4.49 0.26 1.74
0.38 4.37 5.47 0.22 1.74
0.35 4.39 3.94 0.18 1.73
6.79 5.94 6.57 nan 1.74
0.95 8.78 11.66 0.65 1.48
1.40 4.79 6.15 nan 1.61
1.53 4.56 5.22 nan 1.58
2.59 6.07 7.30 nan 1.29
0.63 4.07 4.98 0.70 1.40
0.34 3.51 3.75 0.20 1.65
0.59 4.26 4.68 0.65 1.66
0.38 5.62 7.02 0.21 1.50
0.85 3.25 2.55 nan 1.67
1.66 7.84 7.15 nan 1.48
0.55 5.91 6.31 0.21 1.38
2.17 7.16 9.97 nan 1.71
0.39 5.12 5.44 0.21 1.61
0.51 6.26 7.61 0.20 1.47
0.46 6.40 8.44 0.17 1.30
0.47 5.53 9.65 0.18 1.78
0.99 4.31 5.51 1.57 0.99
0.63 4.05 5.32 nan 1.32
1.21 3.82 4.69 2.09 1.23
1.01 3.97 4.85 nan 1.36
2.28 6.45 7.49 nan 1.36
1.35 5.70 6.70 nan 1.52
0.48 5.14 5.74 0.29 1.70
0.62 6.62 8.53 0.33 1.69
0.79 6.04 7.46 0.48 1.54
0.58 5.53 6.96 nan 1.21
0.37 4.03 4.65 nan 1.04
0.46 3.56 3.87 nan 1.24
0.42 4.16 5.30 0.39 1.38
0.39 3.90 4.94 nan 1.38
1.13 5.07 6.88 nan 1.47
0.29 5.00 6.07 0.16 1.08
0.31 5.22 4.32 0.15 1.36
1.30 8.19 8.73 nan 1.29
1.00 5.84 7.39 0.91 0.94
0.30 5.41 6.97 0.15 1.33
0.63 7.38 10.05 0.69 1.19
1.13 4.83 5.83 nan 1.11
1.10 4.10 4.28 0.80 1.44
1.74 5.62 6.61 nan 1.47
11.28 13.74 19.18 nan 0.85
8.41 7.54 10.24 nan 1.15
1.63 5.69 7.37 nan 1.09
6.53 17.75 26.79 nan 0.84
1.77 11.63 20.18 nan 1.02
4.76 13.13 20.27 nan 0.53
12.73 10.94 15.33 nan 1.11
0.34 4.31 4.95 0.22 1.44
0.48 5.97 6.22 0.32 1.44
0.22 3.04 2.91 0.08 1.61
1.10 5.87 6.38 nan 1.51
2.17 4.93 3.78 0.00 1.45
1.97 7.80 9.16 nan 1.39
2.68 6.74 9.58 nan 1.58
1.59 5.87 6.41 1.90 1.64
1.12 6.53 7.33 nan 1.00
0.61 6.48 7.24 0.30 1.09
1.49 8.29 9.80 nan 1.23
0.22 3.98 5.29 0.13 1.43
0.18 3.47 3.83 0.11 1.43
0.22 3.45 3.93 0.13 1.18
2.19 5.58 6.06 nan 1.26
0.36 2.88 3.04 0.23 1.39
0.73 4.10 3.89 nan 1.27
0.76 3.08 3.71 nan 1.54
0.26 2.43 2.85 0.43 1.24
0.58 2.44 2.93 nan 1.61
