0.21 3.08 3.28 0.09 1.64
0.95 5.48 6.48 1.43 1.48
0.35 6.44 7.30 0.11 1.57
0.79 3.83 5.02 0.47 1.03
0.47 5.00 7.94 0.19 1.42
3.12 3.57 4.66 nan 1.27
0.21 3.13 4.62 0.10 1.44
0.25 5.98 9.70 0.13 1.36
0.31 5.15 7.84 0.12 1.52
0.29 2.21 2.51 0.13 1.86
0.41 3.43 3.67 0.18 1.88
0.34 3.36 2.82 0.15 1.71
0.30 8.33 8.92 0.19 1.35
0.21 5.78 5.40 0.12 1.66
0.33 7.44 10.45 0.16 1.45
0.13 2.83 3.22 0.07 1.26
0.15 4.97 7.25 0.08 1.52
0.18 6.01 7.75 0.09 1.46
0.28 4.52 4.29 0.12 1.43
0.27 5.68 5.96 0.11 1.57
0.40 4.52 3.49 0.16 1.73
0.16 3.35 4.57 0.10 1.53
0.13 3.13 3.84 0.08 1.00
0.12 2.67 3.38 0.08 1.53
0.24 5.09 6.64 0.11 1.43
0.13 3.44 4.08 0.06 1.86
0.12 3.63 4.35 0.07 1.60
0.17 3.79 4.33 0.11 1.63
0.11 1.94 2.52 0.05 1.69
0.08 1.38 1.72 0.05 1.83
0.35 4.45 5.77 0.17 0.90
0.26 4.97 7.31 0.12 0.81
0.19 3.56 4.01 0.09 1.30
0.86 4.75 6.43 nan 1.83
0.20 2.18 2.85 0.10 1.85
0.30 3.59 3.91 0.10 1.70
0.89 3.37 4.39 nan 1.50
0.23 3.78 5.33 0.09 1.48
1.26 3.94 5.88 0.00 1.53
0.16 3.08 4.17 0.07 1.45
0.19 2.41 2.41 0.09 1.52
0.87 3.67 3.20 nan 1.40
0.17 3.58 3.94 0.09 1.34
1.01 4.62 4.56 nan 1.42
1.29 5.30 4.20 nan 1.30
0.35 4.44 4.39 0.14 1.56
0.41 6.35 6.54 0.19 1.53
0.39 5.86 5.70 0.17 1.55
0.71 4.05 5.15 nan 1.23
1.03 3.93 4.20 nan 1.56
0.89 3.64 3.72 nan 1.55
0.47 7.27 10.25 0.28 1.45
0.18 5.52 6.45 0.09 1.31
3.09 6.99 7.92 nan 1.22
0.27 3.52 3.54 0.14 1.52
0.36 3.58 2.67 0.14 1.77
0.40 2.40 2.48 0.15 1.88
0.23 3.53 4.10 0.12 1.11
0.21 3.35 3.96 0.14 1.71
0.25 3.74 4.51 0.16 1.22
0.67 5.34 7.08 nan 1.24
0.19 2.72 3.49 nan 1.46
0.42 6.88 9.39 0.14 1.27
0.25 2.94 3.92 0.13 1.66
0.75 2.77 3.33 nan 1.65
0.21 2.85 3.19 0.11 1.67
1.19 7.44 7.57 nan 1.20
0.37 6.86 8.30 0.15 1.01
0.71 5.41 7.59 1.07 1.36
1.40 4.86 4.92 nan 1.65
0.37 5.87 6.87 0.18 1.46
0.36 4.44 4.76 0.12 1.65
1.18 6.27 6.26 nan 1.17
0.71 5.04 5.34 0.91 1.43
1.77 5.88 6.96 nan 1.52
0.41 4.97 5.26 0.20 1.63
0.36 4.69 6.18 0.18 1.26
0.59 3.83 4.12 0.67 1.60
0.25 3.95 4.62 0.14 1.09
0.30 3.01 3.45 0.40 1.08
0.19 4.43 5.12 0.10 1.14
0.98 3.97 5.07 1.40 1.37
0.80 2.48 2.66 nan 1.75
0.26 3.25 2.95 0.08 1.81
0.30 4.44 4.21 0.16 1.48
0.22 4.52 6.37 0.12 1.73
0.27 3.55 4.41 0.18 1.65
1.49 6.29 6.92 nan 1.26
0.59 6.06 6.66 nan 1.48
0.43 4.09 4.62 nan 1.57
0.32 3.40 4.88 0.19 1.70
0.53 4.25 3.76 0.31 1.79
0.41 4.26 4.70 0.18 1.68
0.38 4.39 5.49 0.16 1.76
0.60 4.91 6.27 nan 1.51
0.29 5.11 7.06 0.14 1.77
2.64 7.56 10.10 nan 1.30
0.63 8.16 10.10 0.37 1.54
1.23 8.45 12.65 nan 1.48
0.36 5.66 5.93 0.23 1.54
0.36 6.31 7.40 0.11 1.54
1.37 8.49 12.08 nan 1.44
0.44 4.72 5.40 0.19 1.35
0.53 11.19 13.63 0.22 1.24
0.25 4.06 4.58 0.12 1.51
0.50 5.79 6.84 0.20 1.72
0.90 5.85 7.58 nan 1.58
0.30 3.96 4.51 0.13 1.48
0.35 7.67 10.21 0.20 1.28
0.39 6.47 6.41 0.21 1.38
0.43 9.53 8.23 0.21 1.09
1.82 10.94 13.40 nan 1.35
0.96 5.44 5.75 nan 1.60
2.41 5.61 6.36 nan 1.64
1.29 6.99 7.68 nan 1.60
0.60 6.91 8.86 0.19 1.43
0.56 6.56 8.16 0.15 1.64
0.37 4.16 4.55 0.22 1.47
0.40 4.30 5.41 0.20 1.34
0.48 3.63 3.47 0.19 1.72
0.56 4.58 6.23 0.33 1.76
0.19 3.50 3.10 0.08 1.94
0.14 2.88 2.80 0.08 1.98
0.32 5.50 4.47 0.13 1.44
0.50 4.27 4.78 0.22 1.50
0.66 4.55 4.37 0.21 1.55
0.31 4.61 4.81 0.14 1.50
0.29 3.72 3.89 0.12 1.42
0.37 5.81 5.86 0.16 1.06
0.29 3.24 3.97 0.14 1.76
0.27 3.32 4.17 0.15 1.89
0.31 3.77 4.39 0.17 1.88
0.79 3.99 4.22 nan 1.48
0.29 3.46 4.42 0.16 1.69
0.24 3.31 3.83 0.12 1.59
0.19 2.76 4.08 0.10 1.49
0.27 2.79 4.40 0.12 1.65
0.31 2.91 3.13 0.14 1.45
0.45 3.42 3.71 nan 1.43
0.14 2.16 2.09 0.07 1.62
0.22 3.44 3.80 0.10 1.50
0.35 4.24 5.76 0.15 1.36
0.26 4.43 5.37 0.10 1.74
0.29 3.66 4.25 0.11 1.66
0.81 3.90 4.84 1.02 1.01
0.47 3.30 3.17 0.73 1.22
0.13 1.93 1.39 0.06 1.92
0.30 4.37 5.57 0.18 1.46
0.17 2.33 2.78 0.10 1.28
0.15 2.11 2.43 0.08 1.48
