File type = "ooTextFile"
Object class = "Pitch 1"

0
3.770375
374
0.01
0.02018749999999991
600
15
0.2817645911295358
5
0
0
775.7429634489354
0.28607715008438506
365.3804098542946
0.29376448009381745
139.34266359628595
0.2740517797202342
127.35989956240736
0.2512657987655789
0.24054163961188266
5
125.22275594038392
0.7502269229276273
749.2345566407181
0.3344876821857062
157.87874060600743
0.22661822384110583
0
0
107.5673475049386
0.3486025898813856
0.3215673843114683
6
124.5571222431226
0.9282746732955842
878.5441195432213
0.25337798104963694
610.3848233117013
0.2687957213645578
156.02798235970926
0.39715705483678715
0
0
109.362542631074
0.30597358769167127
0.38002067514448246
6
124.69409242914627
0.9578179833348764
591.9494636388064
0.31982868695230743
157.60612001668397
0.3733606025578366
0
0
109.86514969944308
0.23275351525506177
102.75518581097391
0.2443704755594203
0.4159643463844635
5
124.93857162026357
0.9770624972841927
586.9884782373027
0.3496129262204648
158.63918719681533
0.37995243445173243
0
0
102.98598962626875
0.3054930675514207
0.42040605713801943
5
125.40293065635706
0.9896117962712165
590.5594996045281
0.3468919466421417
158.87407783106667
0.36524344149289534
0
0
103.40375346157832
0.32188104645241516
0.41213676306598507
5
125.98497343025055
0.9882058730989711
619.74575397328
0.3284577493843145
158.11373911583303
0.346188747393634
0
0
104.70271421825508
0.31175547958019684
0.46710537169385563
5
127.0282936004098
0.971087737633419
666.6873883701505
0.38919134202243666
157.1872069559427
0.407004977861821
0
0
106.98445244961009
0.3888680496882117
0.4975145180191998
5
128.31736529302896
0.9754832644485136
706.9227722744173
0.5159747210937263
156.49721721271305
0.5078349314652049
0
0
108.31932534071291
0.5232368399978798
0.6172450339415938
7
128.80365227443724
0.9760701794698536
724.6335011199147
0.5747210829704961
362.603846738437
0.2496895834492551
156.53956159317198
0.5563817964764913
0
0
109.24796879478315
0.5758309533056132
95.01223952954013
0.2604353118646614
0.6420177340683185
9
128.87392490707623
0.994478204719691
732.9795359350064
0.6198246654243268
367.4242328547536
0.30835958253435053
198.3256975745297
0.28717643387504077
156.294131513123
0.6055383611470663
0
0
109.54389962260427
0.6253154459058623
95.3593179391114
0.32231574054402085
78.10939165022413
0.2598766600812091
0.7361211409106871
9
129.21049311534884
0.9757116215328683
736.7944092792492
0.6363219780897094
369.75885496525575
0.33410268878671284
198.28248206779253
0.30631984332405293
156.52685755829157
0.628933285297483
0
0
109.82077095269996
0.6287884101197352
95.68664007211734
0.33637417495583805
78.23499057699803
0.2823748970303644
0.7082848962920011
9
130.1402426067572
0.9882763316034283
743.8415847430226
0.6247831533016327
368.1607942301368
0.3440396596967105
200.89082245564495
0.2999705205030276
157.33809145361562
0.6114611898227815
0
0
110.55438487645894
0.6334126229192277
96.06597400261165
0.37943289369505573
78.91939483403475
0.25618693511430923
0.7856112016576297
8
130.9978053982544
0.9770083107581401
754.396501958253
0.5506352276275769
362.45232999326856
0.36751295062597233
204.92451273121316
0.2926848736974538
158.00612585060355
0.5197828991722564
0
0
111.29677877752215
0.5766894276318846
96.16565629587136
0.4149757909084102
0.8390439039210005
9
131.31061251155722
0.9866032901949647
746.2073889230113
0.4864714468083787
356.08038117762436
0.38684930069604573
208.18258164209922
0.33655552984118076
158.90257589943909
0.46442094463918654
0
0
111.38038620184041
0.5106061754807828
95.95170837830044
0.4237004710069334
80.5489679656308
0.2771013873194965
0.8976443392652728
9
131.31042397217013
0.9956621936331205
711.3877695989232
0.5056602300937115
349.67419119458935
0.39679524704923924
210.25339461793325
0.38993094091113895
161.030839840091
0.49651211000793394
0
0
110.87583006365769
0.5071030627480494
95.46971025090227
0.39811650985209585
80.80750587774206
0.38618505763770944
0.9293441769294082
9
131.34874947496445
0.9919985119628467
691.126490189599
0.5340081413435909
345.62793997523113
0.41880172464194787
211.67388079708957
0.42887619284321976
161.97219869562105
0.5362681194908486
0
0
110.30990795585753
0.5230046052398427
95.16291860103024
0.3976573629268843
81.0005435534665
0.4280048963187921
0.8346890945016046
9
131.16055838808643
0.99876260372759
688.6770710252666
0.5462702523291869
344.80645886631686
0.4154445719877789
211.6116003652548
0.42168142710433454
161.87031150331632
0.5477470202882618
0
0
110.1353729367263
0.5444900848752914
95.0194533990924
0.4071281153594374
80.95368430374083
0.4246221039468055
0.8516842357103558
9
130.9922610798296
0.9991303092534585
697.1508139010018
0.5563714381514855
346.0718342327656
0.39001639796042276
210.81684415807032
0.39015829699544147
161.38258013935817
0.5565125843705567
0
0
110.29525892110463
0.5581316848576342
95.02859875022048
0.38920142845940675
80.79643681924334
0.3933766835850797
0.9346102074457808
9
130.77984519564848
0.9967557344853046
704.3073374295188
0.5776990549057953
347.69609381947635
0.36247000345329194
209.7680702369084
0.35545207194477113
160.798347336671
0.5724705355911808
0
0
110.36746452348494
0.5818516938351029
95.03824403017983
0.36916258070677516
80.58516467260449
0.35215402554654224
0.8678625838913747
9
130.96603512569624
0.9959630168736795
706.5666334664891
0.581814738494737
348.75677321783115
0.3505735178812193
209.7611682311651
0.3415563818689926
160.72976804375446
0.5752287957651138
0
0
110.43910063456309
0.5871505158150305
95.18280514172226
0.3624245747698451
80.65089840716996
0.33384294364722406
0.9136465290760344
9
131.3286231841087
0.9940002723518767
701.122764795664
0.5685829537711382
347.68775209960614
0.3693130712422548
211.11724453584884
0.35914970209616714
161.32877950428698
0.5599655241811276
0
0
110.43700694254319
0.5739120084757582
95.30235464859413
0.37760267852007545
80.99674448934047
0.3509058211172069
0.9579340726164791
9
131.9242740498964
0.9887003955254481
687.7641526023022
0.5507730788466325
344.63788095999865
0.40772033866278745
213.39256220067196
0.4064894106536293
162.88568367057164
0.5458880201090097
0
0
110.42452302664844
0.5532625964863039
95.27190908778152
0.40823565858315314
81.47418526134048
0.41571690974282455
0.9564781727657101
9
132.38979701211733
0.9836236495413023
667.7188943569438
0.5337750822828352
342.30123535906824
0.4626915693234636
215.58713172511523
0.4715066641573051
164.18027526114594
0.5289498660109803
0
0
110.08471463933778
0.5401907019132793
95.36259093439348
0.4380417844062966
81.96035578974036
0.46148747833250636
0.899960494905915
9
132.08968348775727
0.9944059660520513
658.6377888618293
0.5618936209982484
339.95994573510444
0.4806317600899012
216.03260637054967
0.4912095220960079
164.67013778431306
0.5602628598921817
0
0
109.88002150580522
0.5714542167095115
95.11907082228484
0.46559482077116043
81.97348437942401
0.4971105225569088
0.8711842354947234
9
132.01003916135295
0.9997579692194694
665.5897921270739
0.6018003786617637
338.69208504759604
0.4735202834634272
216.2513827341842
0.4707514976357106
164.75954639354703
0.6005907208584532
0
0
110.18998552817442
0.6004835290320653
94.98770309786755
0.4786339903544216
81.95048492029636
0.4730251051061406
0.9008121037177134
9
132.24306407302495
0.9960062092037972
667.2226449710574
0.5879843902726178
339.2756472245709
0.46875804575723995
216.5346463214023
0.4613653750582025
164.9631720185638
0.5861994952628219
0
0
110.3514781549085
0.590061812503112
95.10830208361591
0.4778705168985615
82.08373025737713
0.4560003643175037
0.9253917466316068
9
132.3370340461824
0.9949209190453334
659.8270248735001
0.5680046789496648
339.78207300069397
0.4776568137810021
216.90324099194018
0.4736363191093685
165.41573659312007
0.5624420433995461
0
0
110.21814861035486
0.5754818930621688
95.2519936067921
0.4758877161596982
82.21041967090095
0.4656338155071991
0.8364784832692488
9
132.38456865494877
0.9995376746380872
657.3519265782834
0.5707672062222966
338.9784705139892
0.48171571468251495
217.13761828633
0.481199682615718
165.7124668659907
0.5699746926938187
0
0
110.17231456393772
0.574259034668581
95.18516287109755
0.4845289933781434
82.21848892271714
0.48808742992467347
0.8539087740402704
9
132.29575209549552
0.9925705235790432
657.7664377423678
0.5798038259072854
338.5696530659962
0.48524724690439386
217.29232768419342
0.4816369917313868
165.65914913445926
0.5805900427960985
0
0
110.22422282710232
0.5809913332487425
95.12950049618763
0.48170237900117097
82.25367222231873
0.4684337772600721
0.8700359992190035
9
132.15113433080018
0.9939861989013651
665.4559838337693
0.6082692117938351
337.9820106954523
0.47135038440216065
217.1828779386051
0.46214594550547317
165.22989627210723
0.6092339924020367
0
0
110.39437467792901
0.6065257655738185
95.02822501246854
0.48244901786479244
82.18102256952838
0.45402787793308913
0.8300185950964831
9
132.20959852368728
0.9957672601144212
667.6626870635062
0.6057492888285906
338.5096878208564
0.45939132739087696
216.98968815259744
0.4534214291495505
165.0249750676939
0.6047301609675537
0
0
110.39514763249731
0.6092683134780942
95.08605206071047
0.46541366740240064
82.17327277404385
0.45057158976702766
0.8473084695411576
9
132.2963877251553
0.9936630217948931
665.227243971259
0.5965316174181415
338.9496512216729
0.4578543046636166
216.924285087717
0.46040258141011464
165.02731941370638
0.5964731064009318
0
0
110.27350100828544
0.5962334929928662
95.14585441717652
0.45283465425399294
82.17150559670587
0.4603313563800062
0.8229121027951845
9
131.98499534862245
0.9925695787070796
663.0319702338617
0.60523160733487
338.6780586494952
0.45255411105441207
216.55186764993385
0.45722494371506145
164.66721113320972
0.6054846117931821
0
0
110.07487232755
0.6127694519586858
94.99706300345022
0.4434859385245657
82.03890094606938
0.4537345282941673
0.8016766207111238
9
131.48658735917502
0.9984482014743413
671.9066669614736
0.6386142085713535
338.3199147382781
0.41917727473342775
215.3347447574717
0.41426045905375136
163.7628391636972
0.6375683974070878
0
0
110.08869270395303
0.6378446442003718
94.73746610192316
0.4266269286575129
81.66177831782552
0.41448844273796953
0.8415150468737906
9
131.6475187293371
0.9919855054413168
680.3451701922924
0.6233178883687881
341.3422024013817
0.39213090250066474
214.43638163605704
0.38327628855099866
163.2295391977299
0.6139155424198658
0
0
110.26790993613979
0.6283160769444985
94.9916580067169
0.4010345616678869
81.60782597375028
0.37449200120621434
0.7832960093947164
9
132.11895282191483
0.991563660187392
679.402839837609
0.5900929227866559
342.54788362658866
0.4049883618956308
215.14416596521482
0.39758771362115536
163.74177931303862
0.5801978726101861
0
0
110.43202700891933
0.5985163555499781
95.30412650830958
0.4138218016211175
81.89785445856015
0.3957956685498495
0.8161070169732114
9
132.57375084757328
0.9947858700078537
667.6858920555478
0.5704010819580534
340.8262157932738
0.44732682220059783
216.73123737828982
0.453362860042069
165.01586813776277
0.5701718510911925
0
0
110.43145382368505
0.5705324019204787
95.3918303983709
0.43503985201174067
82.21271551482025
0.4564511235641519
0.8254220321262344
9
132.68394308030653
0.9946187332370401
660.5386460879934
0.572034469662926
339.52561264751813
0.4690656836627449
217.45011488683113
0.478017976440474
165.67924692238915
0.578886204170742
0
0
110.36180341402431
0.5625431337920411
95.32553936056202
0.4554723135343703
82.3473990028485
0.48155504528545817
0.7482485401576509
9
132.88337133766694
0.9965485504611182
663.1162995253858
0.5676381513838852
339.8284076531117
0.4629414964430787
218.01959342070248
0.4656317560567222
166.07407135527143
0.5701743318365674
0
0
110.64054768531177
0.5609671722157377
95.49062296517194
0.4569162938533035
82.52654264317006
0.4640167678725458
0.712575782933622
9
132.8707594412338
0.9999057666208642
664.3421112862217
0.5438056831917382
340.45705740583315
0.4378662800330296
217.99700050430334
0.44034864105268023
166.06633223550847
0.5491274060016259
0
0
110.7242083255669
0.5449326701073557
95.5757891627556
0.4374615323073474
82.55581522819797
0.44689850478721854
0.7189150718677786
9
132.7018184297708
0.9980699043749248
670.1032293052003
0.5480434226448775
340.6971321357286
0.41982225021190767
217.49992396772842
0.41326002441293186
165.7904904692211
0.5511214481102179
0
0
110.84765132224713
0.5474626258800501
95.52309285809024
0.4310627232823936
82.43632588148762
0.4122404168369672
0.69217439135537
9
132.8994610073299
0.993383267971866
668.6872984122322
0.5350070822783378
341.86439955648586
0.42121188524961656
217.49351669881975
0.4187812504617535
165.91233172068246
0.5331708754190951
0
0
110.87121757058485
0.537943545017394
95.68152645949161
0.42389153656662343
82.51389100295205
0.41492114116035866
0.6873183409502226
9
132.9722862064477
0.9955146953944983
663.1928724824612
0.5221625313736944
341.6384087291129
0.43637537047418185
217.75197859345352
0.44054078171874217
165.9058584586965
0.5184619110356632
0
0
110.63524704374433
0.5304194102635034
95.71245184804069
0.42798433050590834
82.55163613996913
0.43989512160179556
0.6835575693453596
9
132.83436919512135
0.9967095029376532
667.0782804228652
0.541714939173638
340.9499782883818
0.44086491789290144
217.6326304588594
0.43841160796373735
165.7383884749124
0.5385705662436607
0
0
110.7228690592047
0.541645435217648
95.5930395663945
0.44035901048571774
82.48422858441526
0.433459150273826
0.6211005716488857
9
132.6355756739797
0.9998309371728295
670.6233896713334
0.5579740694113073
340.93485627410126
0.42593883398179194
217.31045883525647
0.4244864924938331
165.30190830161186
0.5579345016583219
0
0
110.75959506733075
0.5684261340394732
95.50327342096496
0.43277322663647894
82.3832562161992
0.4232898990930087
0.6766686168782344
9
132.68631472852954
0.9890054932132015
675.1833591854137
0.5698998940832578
341.8389064006977
0.41603108417564266
217.0600993386676
0.41141684673669926
165.28116913212213
0.5684510214484756
0
0
110.97643470568939
0.5646692098459357
95.56039890636575
0.4212083590159511
82.3602310351144
0.40651937487484624
0.6982964640761016
9
133.18532996724625
0.9917957517181799
668.8235244177747
0.5359063542871774
343.04397046705515
0.4353644095056491
217.7438568857083
0.4417293489002396
165.68556923988234
0.5292522418457051
0
0
110.86970692372
0.5504951919782493
95.88470910060583
0.4233456464493976
82.64136695873873
0.4402534145382037
0.6485214120398037
9
133.06544866877962
0.9964897486758556
667.2736104854797
0.5474099211378599
341.169435081627
0.4492455474982121
218.12475095171558
0.45704089531474434
165.94276815469334
0.5515511783552166
0
0
110.84899302821587
0.5476945139415472
95.72307929610012
0.43848540772357686
82.62721465677625
0.4608355592230718
0.6378310778134834
9
132.69802503410926
0.9969922234648474
673.0327762138331
0.5907639610916173
340.5402354888276
0.4399623013813299
217.63715315324094
0.4396235368276919
165.2243263616732
0.5883261621984384
0
0
110.81277502928717
0.5935658629537868
95.51545392233741
0.43923016705647544
82.45884336653114
0.4416716052737509
0.6412909744682357
9
132.52463507066054
0.9935998144577206
679.259058989557
0.619193181714558
341.62932579193836
0.4208142287382625
216.90388725167549
0.4067069635060089
164.8792936253615
0.6115369593490396
0
0
110.9810407637294
0.621770083101544
95.50386654107102
0.4376424300645635
82.30870662483967
0.3953602911820103
0.6335070403999241
9
132.37153480884237
0.977124062646301
676.4871236749913
0.5961704086094375
342.9535259327696
0.4043188306418686
216.18276463536648
0.3938114610129135
164.61096703433654
0.6016181499300024
0
0
110.84276541553344
0.6013608930326948
95.51758560022309
0.40003435044375085
82.11082258975894
0.3701054951315598
0.6890813948685697
9
131.25423661991715
0.9845340304766551
683.9805055885561
0.6226729061581638
343.8675003700982
0.35040872450702776
212.7636235649287
0.3371602154603925
162.74994335827105
0.628308567935393
0
0
110.33090525801425
0.6168645717149112
95.02002606002841
0.3546696017283473
81.21604486639083
0.32555183468933646
0.706768832306286
9
130.75121695834895
0.9885233837450375
706.2772237904361
0.6427832023853135
351.6290796227729
0.2954406925128764
208.26609601806672
0.2795148631739202
160.73649853211816
0.6347764689342015
0
0
110.4260960554239
0.6406183122608591
95.29684107668265
0.3031100745875888
80.35705358973685
0.2650138936317033
0.7181835149802913
9
130.57721147835295
0.9949185396290926
724.9312889137005
0.652843412269152
360.7634411161453
0.2823919823279611
204.65079239915013
0.27273718338339586
159.31510904359126
0.6527363052330537
0
0
110.65779748837166
0.6528698793763659
95.83331578221365
0.29019263932200046
79.76144639675688
0.2605108665448688
0.7396973369769165
9
130.63974647509653
0.9942748477934796
735.3606989884395
0.6682565011079842
365.73952008112417
0.29294997466348516
203.12583768354966
0.2908919859263722
158.8816105654843
0.665413403267416
0
0
110.9355934049328
0.6650309427501225
96.21255481717026
0.2919221274034837
79.5246983704185
0.28482839236487517
0.8368332858976777
9
130.54968543996625
0.990599728757048
736.4917071676005
0.6695668180002938
366.59420497691394
0.2977776220396938
202.667291162026
0.29294268121906947
158.7880585783449
0.6637673920469239
0
0
110.97269628946303
0.6680047438804516
96.28862425415329
0.2956088199998385
79.37014788979923
0.28753660453025337
0.7830092933757377
9
130.16215085860847
0.9940127798967829
736.7898250079317
0.6750799114838259
368.1275556629998
0.29247918323326644
201.36718640162184
0.29298702866506604
158.1857669056248
0.6758367924665193
0
0
110.70143457525205
0.6718139670930701
96.1799774281238
0.28845085299042666
79.06863840377433
0.2949917492360685
0.6842042456933558
9
130.06138239283257
0.9947679536123013
741.3964812691037
0.6750654310693788
370.6480171507979
0.2887337791421516
200.3052315433746
0.2851249801134416
157.72352723609873
0.677863052155124
0
0
110.64412070169278
0.673876648599744
96.28031485429048
0.2881894769015745
78.83555244010519
0.2824218851906205
0.7154528291784145
9
130.09908470138112
0.9997904031696984
745.4230682817805
0.6733072472842775
372.54758002176516
0.2736664144981361
199.80243793421644
0.27669328568258406
157.5581908680482
0.6825256389101895
0
0
110.732791218484
0.6714863831544855
96.39120339118463
0.26802642857739273
78.81010131606492
0.2906851165159562
0.7661723920148715
9
130.18069491283424
0.9928694368052259
745.2159034783642
0.6665965922818893
371.74627093385254
0.2632296838742143
200.25970031544492
0.26177699185483494
157.67653954958826
0.6695162447648556
0
0
110.80672171014135
0.6614691258858525
96.44946298766736
0.26091583326387374
78.85626401617506
0.26445941336209533
0.6687432006376467
9
130.01488374966286
0.9998792196264048
745.6417179059504
0.6634572825185962
372.1978993007379
0.2572068493629037
199.8265419559746
0.2666540040303133
157.5661354938367
0.6699098612450166
0
0
110.76617644266734
0.6601390831681692
96.36649350903578
0.2502351956680454
78.77365979415826
0.27718032250408137
0.7162120473551691
9
130.12474851303836
0.9985171251954051
749.7426825735436
0.6511764760606096
373.2651797606727
0.265674662841132
199.6727251189851
0.26774744714382076
157.37175392304945
0.6594522262948499
0
0
110.82695043672287
0.6452540220925865
96.46223958336594
0.26080410536947096
78.78115803691775
0.2710931633366582
0.7837161928796221
9
130.36527398459432
0.9972326144555644
749.769277720177
0.6492572234333665
372.7044751421446
0.26718261111080127
200.31897832281714
0.2580044436618474
157.66953500830954
0.6463921429817466
0
0
110.98542965060128
0.6491982687066582
96.53255465100168
0.27151669329311473
78.96186393786385
0.25134317026444086
0.7448189079020565
8
130.70308978897086
0.9940506518748712
745.679458828311
0.6362722238072633
369.58265208452735
0.24722776741480318
202.10902677432946
0.2348501175221546
158.26708565115175
0.6355173198069138
0
0
111.0842788897565
0.6356578562789165
96.52199073555077
0.2538374545519057
0.7526569366134652
7
130.75098168492826
0.9958995990452153
737.6420961342847
0.6338691199180389
365.28537844561276
0.22620396578093618
158.8775236147425
0.6308453275864021
0
0
111.06782951918538
0.637069287132156
96.31808425202036
0.22699040287497646
0.808936961770534
7
130.68125154815723
0.9965089224487682
734.0590543965618
0.6324401403751704
204.00095150194176
0.2302249568180504
159.00396618971857
0.6423178204265609
0
0
110.94237166751505
0.6272129345777007
79.64702847236818
0.24991290142457057
0.7885748783946645
7
130.6720943141834
0.9928828531044361
732.1988250191367
0.64621297997037
363.93173427236394
0.22561067631925547
159.04973439741667
0.6469782550776282
0
0
110.88843486007715
0.6416596323521258
79.65422657484591
0.2261871612693895
0.7591735738077742
7
130.92683574907554
0.9968435816896007
731.6638445811237
0.6495774014938557
363.26043262411963
0.22749503705301027
159.35873522594682
0.6460843629057766
0
0
111.00532152498263
0.6533953796541263
96.22929748595179
0.2325219917611081
0.8097937220850997
6
131.0077305383785
0.9984263463819296
728.8996521223425
0.6457252847386352
159.57926112470076
0.6481346047838075
0
0
110.98124303106295
0.6442228204517331
80.00608382770606
0.2268981910893763
0.8049057613559399
5
130.843669404726
0.994374997105782
726.5608270278719
0.6523329132759976
159.6858779313186
0.6527632696384258
0
0
110.94072832833791
0.6498770147442614
0.7004602985158182
6
130.55404029688327
0.9965799593326666
729.9321867246212
0.6569270968860804
159.12318020328604
0.6624871295355858
0
0
110.820471528267
0.6566435181727423
79.58127038074682
0.22629391595218007
0.7921707568393764
5
130.58407483342134
0.9951179103520744
736.7297573657946
0.6553582063412987
158.71313526691725
0.6581608180129687
0
0
110.9138742295457
0.6525361538231581
0.8019658670769965
7
130.9702698789149
0.9921395047325791
739.9106162446174
0.6401468650832746
367.3871153999244
0.23483945705780684
158.92404913962088
0.644013942924969
0
0
111.15251826555809
0.6424997645324684
96.51647214106549
0.23460432977863735
0.7606932513114445
7
131.34082799680218
0.994008947885374
734.1275830395249
0.633298243512333
363.508137725939
0.229995032351051
159.80190378133773
0.63031474023692
0
0
111.33677270773815
0.6365057325105319
96.48750329683394
0.23398609567456827
0.7965717907019532
7
131.50052941704413
0.996569499207288
725.2012369756097
0.6346603986186045
207.4323695532606
0.22863251651985472
160.59541680623798
0.6348928773966631
0
0
111.31000359140575
0.635603858110415
80.47446138056321
0.2339859538672511
0.8344814935120777
9
131.8429238258584
0.9946400543518604
718.8956293654164
0.624381540721439
355.6045756798369
0.24523221860266392
209.56249025695328
0.2437824400354206
161.2314742609332
0.6219662620807641
0
0
111.31207938316624
0.6251222869962431
96.2042847064285
0.23963440325973762
80.90393727082702
0.24025801948089165
0.7576792458347916
9
131.84225108264238
0.9999674221762656
714.1485415788615
0.6236166287575627
353.21631039928553
0.2471182317502697
210.31948196421328
0.2540863148799694
161.5968762339716
0.6266554755056957
0
0
111.26236905137999
0.6226771589389801
96.02168107958117
0.24101862261862275
81.02233759934944
0.25907068123542176
0.7418001456708955
9
131.6906636855684
0.9973404495419654
713.912680812963
0.6254796669589769
353.75518858268424
0.24883153806990252
209.7857570825833
0.24742978737329424
161.51562511288293
0.623403196912718
0
0
111.23517390238554
0.6266089558481653
95.99121594298023
0.24682090093958575
80.87801692474169
0.24610102864650743
0.8229979311099495
8
131.49155462810597
0.9947139716309948
720.2930372832826
0.6379968734468907
357.72094409624907
0.242765238021043
208.04738160522533
0.23146815322308925
160.8351406679879
0.6330299740725617
0
0
111.18786499626076
0.6433057186985681
96.14015380930691
0.2488363540242022
0.7217473750298458
8
131.6210671977334
0.9975654467458638
725.8869613121336
0.6557947437326409
360.3597876349321
0.23612981941953634
207.34793380301878
0.2262816876530133
160.80790122331362
0.6465519683837834
0
0
111.42000649880916
0.6600662046109678
96.36363608095815
0.245554796626793
0.7381974337358007
9
131.67638602492502
0.9999262605131977
724.6701440061653
0.6337933731957083
359.25325753564033
0.24158027898512724
207.9157429996898
0.23935163241635116
160.8306940721768
0.635157129621367
0
0
111.39207140467111
0.6379979548202631
96.37599051789243
0.24275483643037568
80.61704157118153
0.23804710291804737
0.8234333996396128
9
131.70355127379182
0.9977774827975965
723.0280809585657
0.6294963993743526
358.66094188054643
0.24646469776903612
208.16043283710752
0.24490876637800896
161.01705349322947
0.6299245795817579
0
0
111.4213154577173
0.6299569582145033
96.35104397687614
0.24496001469089324
80.65968991789292
0.24463371351422653
0.7709199397301255
9
131.8211135234891
0.9931738696694348
722.1666020809746
0.6384935671011193
358.4263284414337
0.24634659017266458
208.5189512423328
0.24003409217623042
161.2845522803184
0.6332569577864777
0
0
111.48495195603225
0.6391532268478144
96.33074151487871
0.2499742539299172
80.78817013700058
0.23455824471344452
0.7181143807506143
9
131.97681129788953
0.9929005331566664
718.0752891228411
0.6378061865104819
356.0388326295439
0.25233420768057196
209.82352456002224
0.24774500680554376
161.59294500808625
0.6368722214926051
0
0
111.44972860281956
0.6422142688511481
96.2879932947077
0.2482782329522663
80.97761166484685
0.2423077047714504
0.753741945690266
9
131.91864547403864
0.9995237886873433
714.7822883901313
0.6458611159254
354.19788274702546
0.2447145278864537
210.17271157179619
0.2504138722135518
161.79016102449341
0.650521838331783
0
0
111.38380026159935
0.6467474463949711
96.09499170831784
0.23868513326958085
81.01348056176695
0.26444952984687203
0.7378834983183219
9
131.76759127112965
0.9960243230516221
715.2051998444721
0.6438589190704293
354.92399814283635
0.2450355454726855
209.5836604599165
0.24635661705658385
161.6534030799545
0.6472381081153444
0
0
111.35628109527111
0.6421982853490867
96.100691487182
0.24126202002304847
80.87151926240573
0.24806500960779018
0.7017577869995303
9
131.33656233464777
0.9960895900799713
721.9989215399249
0.643487528810283
358.9635998047262
0.24722932972059947
207.19116997487558
0.246413328311894
160.62246673594456
0.6461887391803388
0
0
111.17793882976088
0.6402396099395737
96.17603695300132
0.2431604394531029
80.38930489257727
0.24614150180575453
0.7783801354354796
9
131.21744969825733
0.9966755821308382
731.6733472606567
0.655766824718605
363.761176201253
0.25512529263449973
205.25768825987728
0.253986981057622
159.91075554094172
0.6566937159027086
0
0
111.26937424796935
0.6538367221407347
96.40180844261947
0.25088681727567164
80.06397967006559
0.2580984677799403
0.8200126554865962
9
131.10394200512633
0.9934738089156971
734.9040807291589
0.667681557110958
365.7046903229002
0.26603475583503927
204.3659893000567
0.25964442671214744
159.5468766141832
0.6658482811512954
0
0
111.25441833370392
0.6665034316609549
96.50102607514594
0.2663845789251527
79.87359106960128
0.25160807530187246
0.7313214654897972
9
131.20059274009537
0.9959312751024427
735.8769975747916
0.6807847918927764
366.24707220929514
0.266545131680953
204.35045856643183
0.2574633166656816
159.6648607831952
0.6722387922071417
0
0
111.35067982309336
0.6825286632060741
96.55142354536694
0.2734043192814253
79.91358175445603
0.24336233166802743
0.8022303618049423
9
131.57712192872384
0.9958023658387739
732.4861276990844
0.6617844325986014
363.2334948937897
0.2554944822058475
206.30374085784754
0.24584203162015575
160.3041935199804
0.6560046048888104
0
0
111.48993208764203
0.664863120283739
96.56658902097571
0.26016490990115076
80.35310505089808
0.2389371452851078
0.8094793439646122
9
131.6502148549028
0.9966753742375246
722.9687484388211
0.6531080414965171
358.00525998377987
0.24883885081719362
208.22984512293863
0.2546613468008173
160.8670579104632
0.659073971344492
0
0
111.35143830456694
0.649600836812929
96.30095802115837
0.23821807209420975
80.59527344030342
0.25965403458903535
0.6912497753503873
9
131.60290442384124
0.9990550800422884
720.3448877301012
0.6572204951676709
356.90772795724075
0.24396283184465936
208.43577864483942
0.25995514249529705
161.0338527651851
0.6691938621081343
0
0
111.28758435463807
0.6503893137945238
96.1078453563499
0.22951066240016896
80.65704752652775
0.2786920778326252
0.756374695769742
9
131.77866995969814
0.9931291887837978
720.5349307109798
0.652260511791763
356.792397448748
0.2567537170345452
208.99917511072493
0.2581471866988006
161.16972248401623
0.65457801757974
0
0
111.35394847129749
0.6478541043804507
96.24554180820088
0.24791337993273652
80.79639018602869
0.25641355153604467
0.769154718010851
9
131.75281689515984
0.9978477583759128
718.9839218803203
0.6590640646290061
356.0098197159681
0.2559660816984783
209.13719330848744
0.2516118272427493
161.31881925936437
0.6545060213090547
0
0
111.3508565697627
0.660868469353671
96.1472320300939
0.2596372088891103
80.83998326100027
0.24894117270555116
0.6975859316595666
9
131.97979101110602
0.9967418718286337
716.4839721662098
0.6561405065883582
354.6749391940524
0.2558790654784829
210.2526722307998
0.24454232986738936
161.75701770006802
0.6458841505375089
0
0
111.43149605354323
0.6633425635589856
96.17889917022285
0.26612182579319765
81.10017419342634
0.23132560668596394
0.6751836234943817
9
132.01895245184363
0.9985325788500884
711.6054369558634
0.6522653334410958
352.1458026426271
0.25582523620899766
211.23174306704001
0.2548748059050904
162.00489667471797
0.6499911474505341
0
0
111.34344550199032
0.6544106049724542
96.04861639787154
0.2547693873240352
81.21587476094607
0.2539182109332227
0.7034949873063036
9
131.79758920371304
0.9978249833245955
711.8071895672767
0.6544216196577415
352.075106915955
0.244675469488965
210.68291455854236
0.2485906302814401
161.72714812603573
0.657309343246466
0
0
111.21259638021678
0.6520050503307828
95.91552553369927
0.236552693431568
81.05044922677416
0.25114226964886244
0.6223433881543569
5
131.36931917540173
0.9992681174630459
716.9610105560317
0.6571404136228096
161.01723536397765
0.6588501215100812
0
0
111.1212606319811
0.6593283848829485
0.6646020467174848
5
131.05383695705825
0.992779261677088
725.8113470532161
0.6538724478451875
160.01366784024341
0.6578220571522082
0
0
111.04864240717379
0.6464657440168671
0.7121681436554042
8
130.73797323427246
0.9962350888565542
733.4564895644481
0.6688742759608407
365.1991844482793
0.22869136588639408
203.67904979540967
0.23105891553307947
159.2428018783953
0.6727661879759255
0
0
111.03210922668299
0.667277935011899
79.63536489995008
0.2382508712151128
0.6814653844478442
9
130.6116730059294
0.9993329270311582
739.3284938369521
0.6790100397704092
368.78939523165565
0.24152068989202324
202.24153515292704
0.2467409276255555
158.70766102522762
0.6841410390103635
0
0
111.02710721185768
0.6755609219388559
96.42625297423577
0.23645476685340316
79.3800447546262
0.2499070735136864
0.6945170202217186
9
130.8828078995064
0.9902937787165567
742.6781247002984
0.6743298318496531
369.14823385310547
0.25734690118791054
202.66293525307827
0.24502413239354223
158.77420529430393
0.6685283301814614
0
0
111.19993684158446
0.6689936820384652
96.57483619494602
0.2599769678162827
79.51864104717045
0.2261018941777199
0.7388781981673939
9
130.85247572921384
0.9960714658198117
739.372927843321
0.6671508914849403
366.7899134323416
0.24414883425907605
203.35887140708152
0.23290624776896018
158.97419496419778
0.6633537372618213
0
0
111.17073226644324
0.6753337998840395
96.46991081303
0.25159338209414756
79.56850297639119
0.2299875984360103
0.7240731739679598
8
130.46871711868073
0.9974864578226029
737.0234582135166
0.6759245648906959
366.9090173078571
0.23136868253128592
202.51306973733688
0.23896974362546938
158.67798574496825
0.6786870680982687
0
0
110.936283788717
0.6717615074670005
79.33244943533732
0.24737295336303394
0.6376097572405501
9
130.28433682540586
0.9950621561349781
741.2752882186616
0.6769420030811869
369.8733556650976
0.24070003722207148
201.177248908473
0.24640303689032128
158.1449321954852
0.684250685747691
0
0
110.84438732423858
0.6688882572511387
96.3294650109348
0.2295875912660541
79.10954468562206
0.24769547186476454
0.6858602056600902
9
130.4831292272011
0.9996311152832208
744.6947101459664
0.6760041709285004
370.994605434596
0.2350140949460267
201.14158174903972
0.2286063149583851
158.07376564633867
0.679585059104515
0
0
110.95693614023139
0.6748262873316189
96.49162969729265
0.24012630898094914
79.13602873452028
0.22617580545981145
0.7172187706777188
5
130.62370039904442
0.9990983290699514
742.8908978277059
0.6713631910411819
158.37637334492672
0.6728007936135935
0
0
111.02320968525854
0.6716983664407817
0.6433641993043038
5
130.76177920394184
0.997341930351189
738.1142236039876
0.6739222130337367
158.92636342471388
0.670538087997936
0
0
111.0914822446921
0.6742973347812341
0.6696458812360746
5
130.87467532617322
0.9959616876888031
733.4875591208963
0.671773413421424
159.29045193280746
0.6648800114091127
0
0
111.05580634827629
0.6736142320151226
0.7109957651711942
5
130.80380298920656
0.9974553661914977
728.5269489174938
0.6671744525896682
159.41708924634258
0.6642529524149085
0
0
110.91320211787459
0.6709127432258213
0.615608075535361
5
130.4944903464214
0.9978504968528454
729.8041930049268
0.6651770727828219
159.00959951067588
0.6730712741384893
0
0
110.76518557953773
0.6559808575424625
0.627581154680767
5
130.40460518790388
0.9939458256816951
736.3643257961655
0.6571055108204073
158.40402959823913
0.6681851431455335
0
0
110.73568055065161
0.6470172006684574
0.6535333227288461
5
130.44325331107197
0.994836462416844
739.2750492422052
0.675331038669341
158.35696981483358
0.6703795724488184
0
0
110.86074555098264
0.6772701193073493
0.6294650394715501
5
130.46936808210086
0.9971813441547885
739.5513306181913
0.6779525959841746
158.42246109379596
0.6698659934791263
0
0
110.90599928703277
0.6843859458224599
0.5681254157647818
5
130.72361847303205
0.9991093441868211
738.5600651594681
0.6636854218364188
158.74434676655665
0.6599684152344467
0
0
111.006228177032
0.6699873768363336
0.6263006700065399
5
131.0285026561689
0.9986982927726453
733.5899100630718
0.6556590588140115
159.4633197336589
0.6523919835721643
0
0
111.13399322669967
0.6571915709594248
0.6309953587131771
5
131.4660528009314
0.9948410019976343
726.0507689208589
0.6416315554842758
160.3728889079828
0.6361103229431582
0
0
111.23481019347612
0.6450374527819724
0.5728250220276363
5
131.4880144145686
0.9969983524592073
718.5508336178925
0.6394974278200012
160.85853993096603
0.6456164879172631
0
0
111.13635006230743
0.6382947282162089
0.6127721842111665
5
131.57871144743942
0.9918146787414819
718.7548567628274
0.6381386970551598
161.03069102453676
0.6422687391198694
0
0
111.19891945854076
0.6336749340581132
0.6609532335996152
5
132.14513939213566
0.9829794867572793
717.4565365446882
0.6106738469571321
161.5877621456467
0.6030082965753387
0
0
111.3890543083959
0.6224978586564575
0.568698216754653
5
132.16611353828236
0.9999321634411565
709.907564392903
0.6125754875734268
162.33823158547605
0.6160100416043007
0
0
111.44141915530243
0.6186263741864307
0.6339537677543339
9
132.3443619623699
0.9945284029201499
709.1776137353597
0.6064804948087069
349.5843124049056
0.235545644379791
212.9725652013494
0.23796430492074486
162.59532971756673
0.6053264997737636
0
0
111.47381184348323
0.6076711609884868
95.98045641254983
0.22892898672176487
81.61986079257265
0.23755309834391689
0.655152889715054
9
132.31230187932331
0.9947313405110214
707.3750598420472
0.6119963114705321
348.99964854759725
0.2545719761361845
213.30207249434883
0.24186116253402687
162.69873309991172
0.6020665902741053
0
0
111.43786853723152
0.6208087860301705
95.9753182626517
0.262268035668283
81.6724716347117
0.226210493819048
0.564613430788204
9
132.17038088261586
0.999664513461115
706.2766490555772
0.6230328872703869
348.3603107852999
0.25032130404341413
212.99858640237497
0.24434834818955103
162.71594656252228
0.6184646589876317
0
0
111.39996871612622
0.6297995804058445
95.82326676012289
0.258092972072075
81.56592074564233
0.2371342298768109
0.5695017285532774
8
131.9664932019902
0.9945176939877845
706.3380454189492
0.6274437117006463
348.8290424278597
0.24332834757852068
212.4371670845698
0.23519776515920524
162.28731360541155
0.6209168269461068
0
0
111.21022163584905
0.6311280362195008
95.77739118923967
0.24378859468466027
0.587261365741311
5
131.51586171476131
0.9976014276750633
709.4784952281399
0.6407337026687219
161.53991838385343
0.6430272192504177
0
0
111.0104446679958
0.6403342164636536
0.5597636346195595
5
131.10211951451137
0.9920306030300334
716.8394759679029
0.6510006397546344
160.5431318279289
0.6472949131887661
0
0
110.90762871084142
0.6460375893222946
0.5839377524373687
5
130.7105227829935
0.993181667923816
728.5762478251362
0.6625647112578852
159.37552324518109
0.6604261203295541
0
0
110.8749399046084
0.657555946068341
0.5867176694975659
5
130.30479296706127
0.9955582673567641
738.9602124472215
0.6792568601713626
158.35411801846263
0.6907479954047893
0
0
110.85499752564697
0.6678835035904722
0.538074185943896
5
130.1080942931092
0.9936032515811899
745.0365336688254
0.6923557769759944
157.77601827214872
0.6997687879585482
0
0
110.8278292205241
0.679407779196784
0.5057720869646659
5
130.2476010354175
0.9990051219469665
747.416924110144
0.6889453623676943
157.68976504517963
0.6887360229339173
0
0
110.91078636141603
0.6920211126118484
0.5524310730489448
5
130.33058448758325
0.9993386431019945
748.6351044325171
0.6726745284796075
157.74198134065767
0.6783423262871319
0
0
110.97338301433903
0.6726235744029064
0.5717361972299256
5
130.85433919254234
0.9842907382964444
748.3162794589498
0.6467669792770799
158.4303332586825
0.643922398261595
0
0
111.28866826725171
0.6446367504994591
0.5371063979192701
5
131.09015559245884
0.9951886119201074
740.4681161907248
0.6423049484323751
159.24539508695332
0.6438040139656484
0
0
111.37654488133859
0.6455461071697252
0.5961458092733269
5
131.34409726985783
0.9945740799620912
735.9353480506555
0.6248358102831836
159.85724369732296
0.6372589762987362
0
0
111.45342110983003
0.6135438500084913
0.6034463893198033
6
131.8222957829367
0.9932426814188302
733.305835088703
0.6041739600315396
160.54203780118252
0.6142343442253705
0
0
111.65221482816386
0.5894804085867257
80.71823788018672
0.22974120656119948
0.5626348207503173
7
132.21146956305452
0.9912483756714271
726.5141791924317
0.5795909389198772
210.25741925788472
0.23441900971624763
161.3106182229029
0.5866884102457474
0
0
111.7005403254235
0.5673829249367786
81.17587231252367
0.23703924409157748
0.5831601076421302
9
132.67815341662438
0.9888178223871605
718.2733975230772
0.5532585261903571
353.54493789522877
0.23845584298404662
212.45792653664682
0.24109847569123616
162.3444727238462
0.5514514869808364
0
0
111.76758739219679
0.5479793237506145
96.46176538213955
0.22728937413513517
81.69465882451593
0.2422469614553121
0.5545598455058998
9
133.00960516997455
0.9963838889441858
705.7010092150754
0.5349182017172209
350.4059636672214
0.243937326817936
214.2878418073352
0.25325031238018336
163.6613561946598
0.5367317110654235
0
0
111.81866092366705
0.5286273745966428
96.40648190496613
0.23121715355845515
82.0376809172255
0.2620969920639905
0.47085614835095724
8
133.4365620896681
0.9901479633503089
699.7213298023316
0.5011972580327214
350.074106346953
0.23407199298468978
215.33643780216516
0.2521694511628883
164.7064210968159
0.5046528587125657
0
0
111.94075009603131
0.4871326188979326
82.37206066521702
0.2688930665758351
0.4580467954723983
8
133.9542611323132
0.995632171626896
690.6081968516043
0.43306743363946626
350.9329342377959
0.24212685206028092
216.42441925117973
0.2614239597713259
166.0523220324199
0.4401050863483653
0
0
112.12983445386567
0.42930749036818355
82.69425041669126
0.2830303886311268
0.41807455319819875
9
133.84839277415466
0.998836722582906
686.5780685406711
0.3812030290647052
352.3049543885734
0.2615022377185529
215.74458908051946
0.26602317987549623
166.63549967292778
0.38348204520149154
0
0
112.25799814473557
0.3839869534873134
96.97087018505532
0.2599579371909492
82.58925914882975
0.27773396862087685
0.46800652508726487
9
133.85485366331972
0.9938590538238843
712.1851000142866
0.3579454643466839
355.02581677712044
0.2815391839548498
214.94741980051805
0.27111748807996416
165.04118907623865
0.34561907242251855
0
0
112.66312133009055
0.3668592410863608
97.19025437814608
0.2900828355029552
82.52668609732432
0.26194870394932673
0.47770477620341395
9
133.99202260988557
0.9962643875530133
724.2004819577002
0.3415691639328759
355.2878072311119
0.30874111111698294
215.32062959317375
0.29522243127563186
163.98714003591513
0.3326470840692307
0
0
112.82323145562255
0.35227742810629137
97.32862311030384
0.3212099085092617
82.60763883168632
0.28591821266991807
0.44276543922279094
9
133.72657926160952
0.995796653174569
723.5047881305966
0.34751179857397235
354.5491597058553
0.34127238734053117
214.9741219554161
0.32482918052395343
163.5701765008582
0.33680201447375946
0
0
112.67027383824282
0.3614373910449143
97.14927970295547
0.3539342421762671
82.46729489321197
0.305042503145893
0.4928909592719519
9
133.220498099199
0.9837472752360921
722.8608089236728
0.39288882097897776
354.4091438558048
0.34831215903178175
213.70744712759333
0.3255440932128784
163.32428856576482
0.3804027063241067
0
0
112.37199187760238
0.40724487390208286
96.84270342478813
0.35840664039576847
82.09802867739025
0.2892083337536629
0.46273057085824293
9
132.50820885975898
0.9925492988097828
719.4194661382398
0.490326318380177
354.8458820427007
0.31937508179079444
211.59866961775236
0.30264325739931874
162.80769682653988
0.4832266989673321
0
0
112.0626526876828
0.5038714083718695
96.48180260165651
0.328135389999288
81.44889226117063
0.2861847186442344
0.47958008559022003
9
131.86676580543354
0.9863660148307309
724.7514992233247
0.559162436909185
358.2324744470304
0.2913845931206325
208.67315660346227
0.2785257100405085
161.72814491094144
0.5474580491576901
0
0
111.7837548409331
0.561008467652753
96.34303754961502
0.29587841271072546
80.80579464796598
0.25970463698109864
0.5359896422324423
9
131.3915147225876
0.9945978754746172
731.0355347683234
0.5774557738402196
361.58157495469817
0.28646738878853545
206.2856335596251
0.2672610347788927
160.26580004937276
0.5619801886854784
0
0
111.42213007574588
0.5864370672259858
96.34178422587418
0.3023643327575312
80.26811996078968
0.24601055762400173
0.5274650568967186
9
131.193541648858
0.9941850825439744
737.2056166555686
0.5872697715086558
363.8898430271572
0.28361735062623245
205.05864004979222
0.26397758486277484
159.5672890055752
0.5774755172321929
0
0
111.36662851792006
0.5980544403245722
96.43042622915588
0.29859548245310613
79.967747621347
0.2453761406944777
0.5000959041589301
9
130.79997398222457
0.9894548644307186
741.7445543284778
0.6308822789800896
367.38959371863797
0.28172974878748364
203.02778537036804
0.2749799782657777
158.85772906286988
0.6268853146571537
0
0
111.25245200977616
0.6298096692723707
96.4798711768623
0.28191859326948265
79.52444381957817
0.2691639815288312
0.4695617488002965
9
130.5256291616083
0.98953899420973
748.5697723606036
0.6799896820393815
373.3000682660194
0.29956271265406953
200.70619496367962
0.30371341348661446
158.19074707307007
0.6846164515903789
0
0
111.2346337290468
0.6693003180054328
96.72185944236352
0.28858244731087734
79.10421427329295
0.30020335375428037
0.4622379336940361
9
130.42596413281643
0.9956206357037144
754.1802721283533
0.7078821485132407
376.97830779499213
0.31736043475316766
199.41712626449444
0.32486979068039257
157.78157853165447
0.7124897805927344
0
0
111.22828887499536
0.6997406436239905
96.88623753561322
0.3025639803669337
78.87711908494221
0.3283186551336053
0.4346992127446746
9
130.39420921553793
0.9963354591347926
755.1390019392504
0.6940532237318214
376.9805643397063
0.29279987660233286
199.33969746492352
0.3009099357945601
157.62208419667604
0.7043679113020929
0
0
111.20757469949613
0.6847436415641233
96.89458276730152
0.2800392146627085
78.84284698360541
0.31198586418943075
0.42698056560748454
9
130.43031896853788
0.9996863018334916
755.7252759463486
0.6716927330219786
375.8732677216873
0.2567742171897203
199.6597672596972
0.25904752337851467
157.55585038942607
0.6791903191722213
0
0
111.21717048425799
0.6726869248495349
96.83659887514763
0.2594335349335378
78.86927755257773
0.26859226534547026
0.4717183205940842
9
130.47091338047662
0.9922479318590314
756.7383663943728
0.6493059124735116
375.2468139301685
0.24024024317589227
199.99109896134055
0.2493969955165185
157.64129093992898
0.6529070814769844
0
0
111.32633455817732
0.6427919352003073
96.82843696451923
0.22791391679062278
78.96281175653772
0.25833556331944413
0.46027607826173916
9
130.648518965752
0.9982282456611592
760.4188224889274
0.6182424615736955
373.6145059805454
0.23888852766935595
200.85212959877725
0.2416191496878621
157.58629223602716
0.6330405906712878
0
0
111.39468257295569
0.6091189691155159
96.80415367673126
0.23381141315897078
79.1596910980287
0.25167092024119153
0.5008741318764041
9
131.03094066740817
0.988885516979467
760.0340384545341
0.6044672987040956
371.68123867917313
0.2381257073546928
202.3083730639961
0.23716253810158142
158.24240700886716
0.6047807995037644
0
0
111.72124757250342
0.5942198307108568
96.86472173359715
0.22734004142740039
79.52210145573517
0.22927330246611222
0.49364792206938285
5
131.51387950922046
0.9947885538821002
750.9757233105298
0.5950392070524903
159.42461950495886
0.594410284219785
0
0
111.91018681167398
0.5885600952013429
0.49043700378468713
5
131.9149900095135
0.9945652239433545
738.5648908112858
0.5636356650023845
160.34803486114578
0.5714957762398408
0
0
111.82533552228227
0.5564046213497185
0.49825955515271814
5
131.8661370573465
0.993853580292411
730.2842855815802
0.5647201357440679
160.82405435544857
0.5693136582969625
0
0
111.6715018067589
0.5635634223384836
0.5113740999280845
5
131.90577803424497
0.9947149164946301
732.959349152004
0.5716498863287907
160.8874477715747
0.5768228147603508
0
0
111.80035205780977
0.5655717750744761
0.5201771606355216
5
132.07885255763213
0.9912761848603559
736.0470332283417
0.5390120280751506
160.646636736253
0.543140303208134
0
0
111.8258210423201
0.5426191528575102
0.47500158239754003
5
131.76222242752527
0.9955211918703801
734.6483998487921
0.5566014892198996
160.53316164036923
0.5484561395695929
0
0
111.74591181113995
0.5627628569703483
0.4994048270301031
5
131.36219244581125
0.9962286764580007
737.510938889732
0.5755092294453065
159.91657700043498
0.564721675299285
0
0
111.57596846209933
0.5836149145489702
0.5085155974626298
5
131.26143368277135
0.9995823129779017
744.9429119648074
0.5883723137183041
159.28933575101607
0.5880199460464898
0
0
111.604327287147
0.5887703918555479
0.49239166842172477
5
131.14649775150457
0.986006377669688
748.7413238847348
0.6012036633105725
158.94049244519178
0.5986912665420796
0
0
111.58916348890337
0.5949094640861091
0.44864175381279153
5
130.70927848083662
0.9945741109971282
747.9155173835801
0.6293890927091559
158.48888995348904
0.6227102647208775
0
0
111.35482191501262
0.6380041288781442
0.45871985059642556
5
130.4543682279051
0.9968656310297706
753.6550548124613
0.6520271851268373
157.8276679580548
0.6538351054299206
0
0
111.26668686602486
0.6443081050772002
0.4401259137749144
5
130.227063611644
0.9970114509149725
757.153261356584
0.6421196995679044
157.34609321450395
0.6484784971570426
0
0
111.1858699485989
0.6376235051094039
0.4183907125639617
5
130.001903216752
0.9929251729883124
756.1305995748951
0.6392558405593214
156.95745010032522
0.6461432007105056
0
0
110.9697779597796
0.6271534352459135
0.40131389036354864
6
129.49983137264047
0.9927956062810204
761.9938085733952
0.6442118540961436
156.18951014237842
0.6567935092052284
0
0
110.77846171787529
0.6320486276497489
78.18660208831271
0.23467949763112203
0.3829686084082647
7
129.552926021284
0.9906444752414992
769.8730339232307
0.6459330611331797
196.28659701522585
0.23045107671062104
155.9007090397237
0.6711253775444708
0
0
110.90973216770868
0.6347326565466709
78.11494744380214
0.25071242379952563
0.39246828967438185
5
130.05865808687375
0.9905778009091071
771.8969650068063
0.6466285475872665
156.23588142111177
0.6510969564163226
0
0
111.20843790949512
0.6442111454287023
0.4124819986480101
5
130.4351916315271
0.9900506687426487
769.4773690626843
0.6258917694090648
156.86107789385494
0.6220441749692875
0
0
111.4434106924671
0.6296129581118939
0.4324848974253329
5
130.76369672411704
0.9953270409237046
763.3918593754122
0.611696611109915
157.58501485295065
0.6074639887005378
0
0
111.58156745049699
0.6138014681085935
0.46850094743796844
5
130.78631390230743
0.9985932792012208
756.098081760847
0.597151500117056
158.14374353564898
0.604081244204713
0
0
111.53636078056633
0.602071210634929
0.45600557035874884
5
131.17479396992894
0.991776344269733
751.3046081807896
0.5836439343872862
158.80818430498374
0.5935155165414983
0
0
111.64053396454557
0.5749217758762931
0.5004811777141792
5
131.69119666655973
0.9868361405845497
743.5854789867847
0.5559192271188486
159.68490523655112
0.5578752410943081
0
0
111.73393944052944
0.5466677536015849
0.49948260698054303
5
132.04535726568906
0.9951425343170374
730.1844158322676
0.5497809235062859
160.8676847925676
0.5483885487641955
0
0
111.71081481207456
0.5506381829340695
0.48100820689786045
5
132.37968910993388
0.9944878234206435
720.4190525751623
0.5577077871461605
162.08970440586117
0.560246685173208
0
0
111.79966774129707
0.5492623252814264
0.4913240231218623
5
132.4049715329484
0.9954640930549747
714.7340352909571
0.5723636709611567
162.40216527557635
0.5666356173260096
0
0
111.68325337966832
0.5753508905917713
0.4369780576902943
5
132.4667198082614
0.9984773412966884
713.7383687940559
0.5725625699374731
162.50527008737592
0.5596357995172712
0
0
111.69225101967503
0.5876418201983377
0.45604144684684983
5
132.29233199318966
0.9912090757046741
711.4446798805468
0.5506659810743597
162.30393900081938
0.5400672824119165
0
0
111.48949597301264
0.5668904954795869
0.481636339691182
5
131.77485044972954
0.9953816741599474
713.0227237681987
0.5780344094632304
161.86073635353495
0.5654749652784582
0
0
111.34193226537074
0.5895745540245236
0.4380502124900118
5
131.50353865629657
0.9937036056277345
719.7362850600305
0.5844572079047343
161.03237455227966
0.5769983415176339
0
0
111.24176433388416
0.593371459282589
0.46042112263034984
5
131.48463832712534
0.9887875505379415
725.6422801428963
0.5794585171078184
160.553348652811
0.5728336098375323
0
0
111.32335753781408
0.5862256869164754
0.5168707410456882
5
131.8354408342264
0.9899324313795765
727.2419688222878
0.5796237988679317
160.9204672841815
0.5833873283561295
0
0
111.55417490957524
0.5766101923128434
0.49338871371654364
5
131.8007435938197
0.997334607734724
721.4123897781686
0.5948994247913586
161.1722444110053
0.598078935635379
0
0
111.45867985703732
0.5929897020003138
0.44499578925277705
5
131.6921617454085
0.9969253521951818
724.7114304024218
0.6104092551536462
161.06279270824803
0.6161966234099073
0
0
111.50574159991949
0.599564072998426
0.5057777927860386
5
131.95085904106608
0.9805447455379314
724.5454570511323
0.5960797845892121
161.19110816682948
0.5932267104773153
0
0
111.52577492951205
0.5916946365228235
0.42865617697205594
5
132.4507793563442
0.9964060497448428
716.8838109452232
0.5879884352186733
162.30602954291808
0.5867661909094911
0
0
111.71928840686549
0.5937658359365877
0.4139101544940038
5
132.37613231801464
0.9921121586303212
707.8304435290992
0.5779426975135131
162.87805381995784
0.5781210772938371
0
0
111.58705609940114
0.5750924466519444
0.44438943301932854
5
131.72533562137355
0.9943975941180122
709.0182741777943
0.572008512056322
161.96149495366117
0.5669908127475267
0
0
111.21068386738409
0.582003756452279
0.5167223925791725
5
131.1781521760254
0.9769542473140762
720.3656395697486
0.5687887254565545
160.50624108562175
0.561677020386124
0
0
111.06187184261974
0.5708225235049242
0.4379366736906248
5
130.74454965108907
0.9919225119128403
733.4367147823864
0.5970448395405393
159.29348850411208
0.5879601945148899
0
0
111.0687048656619
0.604127051088971
0.46863913549582703
5
130.5493232032947
0.9914839500993503
747.5497425288805
0.6062618828955078
158.2929636169527
0.6069007424370532
0
0
111.1561796463708
0.6026222956701561
0.5028708163747507
5
130.77196633080922
0.9838371858113093
752.1665148374017
0.6190313718574431
158.4312901572624
0.6162241203260337
0
0
111.42503145285603
0.6065081062617109
0.4108970987887935
5
130.79131199658977
0.9960141800398732
747.243250276786
0.6232286665011084
158.5868592939124
0.6298449465156755
0
0
111.34037463344664
0.6235924000868287
0.4587820060693307
5
130.9553553892603
0.9964058420369765
745.6120087996902
0.603170633095477
158.91627269830423
0.608109435708706
0
0
111.41869609130829
0.5957523796303615
0.48071288255359956
5
131.25875337501756
0.9880039061188126
740.3132913633824
0.587755134083483
159.48611887982446
0.5906921658493425
0
0
111.44178947652081
0.5831572261601189
0.4250472927036421
5
131.46610471812087
0.9950977004165499
731.711704346483
0.5998429961448174
160.11985048276821
0.5998180393484438
0
0
111.39572948173773
0.5976820552158871
0.41140353471878854
5
131.45839443904143
0.9991305909504077
728.5445387842256
0.5965396403320215
160.36213395386957
0.6051951641740927
0
0
111.34687550781398
0.5888671229732709
0.4692345092826643
5
132.00529168558464
0.993476694058894
726.5618007289479
0.5762580455393002
161.08464512984443
0.5840527113088222
0
0
111.61354147929755
0.5652651120697082
0.4630651510398319
5
132.4120482714277
0.9905160051911115
721.7435759138456
0.5512082062154537
161.84616017584537
0.5533162772108616
0
0
111.73131534019095
0.5431690301675822
0.4277980292944143
5
132.67076974966082
0.9844310572887544
716.2781275350734
0.5330085656495697
162.64583624742232
0.5312017957727121
0
0
111.80968264460464
0.5257809702074854
0.4203404065009273
5
132.9125701756035
0.9916934149888673
709.8766772682064
0.5178998355124538
163.42150778717428
0.5279500885727856
0
0
111.91056966459207
0.5085010878277695
0.4237096445477762
5
134.15465582110724
0.982575958279632
726.3376855591661
0.4355477282286168
164.05602381551213
0.46365856966656477
0
0
112.94564122246592
0.40514281093255416
0.4126206947830128
5
134.77701887675866
0.9896004636038516
778.6072944327174
0.3759976020115715
162.88762759435423
0.38344024393689635
0
0
114.80845257694635
0.3656978292774956
0.46081944138036607
6
135.17993207245615
0.9957585837768008
824.5399301187325
0.37667087807419153
161.74524194283356
0.36007853636021286
0
0
116.14357221504748
0.38886488662437385
99.04523850744906
0.23782654913825144
0.44126727108363706
8
135.38686650003436
0.986582093078336
856.4753466243785
0.36594702675359064
373.6876656110111
0.29895692426100157
212.2485574672714
0.2662788531422726
160.70552497489973
0.3472898022276419
0
0
116.78149478213274
0.37127769120369664
99.3231064364283
0.32450202772463976
0.43384113129330565
9
135.38076347415566
0.9893463173148581
882.2677086848953
0.3215379028544998
370.7637375038146
0.34508651161089177
213.31250332272384
0.332459377557911
159.92648829135877
0.3217433381046256
0
0
117.28534497071495
0.313432036111052
99.18561436954168
0.3491472090461707
82.82572035983422
0.31589743419488486
0.4631994783689389
9
135.25782755859177
0.9937912346083333
887.8359218598131
0.28683731585313743
367.6511035071665
0.3578965687756967
213.9088005267491
0.3705445904391722
159.7071719152781
0.27629080012629414
0
0
117.38842367501417
0.29333781661882596
98.87740565668362
0.3461006698311802
82.85495919122967
0.38144117916216214
0.463171425301884
9
134.56051870700088
0.9806072430622812
861.7900544678618
0.2626222149250001
364.67143824641045
0.373589213174544
213.70630578938875
0.3617311576783804
159.4091619929548
0.2910957115912041
0
0
116.03933439403383
0.22599718380534053
98.35728644869897
0.37039702372321015
82.62065685053337
0.33727443421667835
0.443488108142303
9
134.03565942451314
0.9994687974882116
760.9792843192103
0.3060885359343262
360.5828598470484
0.3727366325083797
213.43039859770042
0.36162481418484854
162.05850564906504
0.3018865912634415
0
0
113.7738023348945
0.3106534842157261
97.73685139571779
0.38482437028179045
82.32797386729158
0.3526478809546764
0.45842975465732205
9
133.88245147779466
0.9901510317870241
728.9461024644105
0.3765256790465964
358.38077054883564
0.37077947755435253
213.89936972266835
0.36575006614430117
164.20167749583777
0.3637610057701463
0
0
113.15552348098772
0.3832146672938815
97.50927365669482
0.37809091117801724
82.35161981008048
0.35575551904752745
0.4422556013642862
9
133.50614812196332
0.9892365404828508
725.4664060836382
0.42997279499990476
357.5372010055882
0.37143858857606443
213.4667411060491
0.3531923483697866
163.43419955413418
0.41587296707827465
0
0
112.66709183374695
0.4389945575974273
97.28402518173458
0.3846270421645643
82.19792945154973
0.3266777391761391
0.4030283260411027
9
133.04105248740643
0.9906461139800121
724.144256289879
0.4919674320945755
357.1661122719216
0.34864224377259456
212.41638203493974
0.3357592159229969
162.90370528313613
0.48568264061810357
0
0
112.35492915687382
0.49970178560456935
96.98785008532396
0.35302162813889454
81.84510077597994
0.31334140711491115
0.4460584537802266
9
132.45466402652835
0.992429092809883
721.5104523604704
0.5478167194598494
354.8595178533117
0.3089308884414023
211.4046600458069
0.3099669588639866
162.61350731565528
0.5437937462077381
0
0
112.0471848186525
0.5496494183872339
96.41650275428212
0.30985898065962186
81.44954030558154
0.3079247851384731
0.4125903355676063
9
131.96686902919913
0.9941274429847258
712.3184080136293
0.5674056482166261
350.8309631700835
0.30451387455359624
211.68184433746802
0.2863066505139559
162.14180012363983
0.5576504436954107
0
0
111.40201430384869
0.5722712968807928
95.91932938801773
0.32243852069276585
81.28960273077638
0.26589425599483135
0.4272271993753114
8
131.35399787509354
0.9828931644468494
705.8769575405039
0.5748394727805168
349.15460523203075
0.2897417349470612
211.30125231375806
0.25346853520322876
161.39934687090735
0.5433592189334862
0
0
110.7538904910635
0.5961604166723001
95.57486681529613
0.3173725198527193
0.4041011550880093
7
130.6014414284718
0.9946847187082807
710.9515747328092
0.6065102234990771
352.22582175652934
0.23742966617048664
160.1311483265
0.5770116158468294
0
0
110.42859819847308
0.6379743051011271
95.37965909907973
0.27198790857854843
0.40561237068624517
5
130.27286281017481
0.988201752363344
729.034162440481
0.6329386053864868
158.78056604361237
0.6217312218613378
0
0
110.59522612972074
0.6330389327693534
0.3579131499396256
5
129.92832310315748
0.9879620726821814
741.1595185800264
0.651954788987005
157.72341770451766
0.6572490574848986
0
0
110.63062359098161
0.6395436212671296
0.3408031482798159
5
129.64611645296108
0.9997047850291847
748.0404659056641
0.6608663472560098
156.96433289187343
0.6715741967777055
0
0
110.56357795092302
0.6514278481015858
0.35435525320186184
5
129.65368385428727
0.9932121065880482
754.687701311101
0.6322873555432774
156.52140834410505
0.6406040407762199
0
0
110.59055072667408
0.6226659696089816
0.31728504450892825
5
129.83723202217516
0.998018465845315
754.0319992700283
0.6238512412360554
156.65751224589664
0.6324059764954425
0
0
110.67449678287231
0.6181307052904852
0.3214387197304529
5
130.0370240276941
0.9982927113773089
756.633628333003
0.6269447692445486
156.89440612499283
0.6360500780846087
0
0
110.89790846546884
0.6198164699046543
0.38979841203654714
5
130.4846477443021
0.9806446996113866
757.694679382756
0.6048133868337519
157.56170499775376
0.6041598221937597
0
0
111.20018124464862
0.6011197010413796
0.35626436468967265
5
130.90128810088495
0.9959760829497903
745.7582242659328
0.6110746214441466
158.73197937501627
0.6138130834961602
0
0
111.31022270800358
0.609656022853507
0.4014423174394965
5
131.2610657772214
0.9862870820899917
730.6214303603679
0.6089008835185032
159.76482189287705
0.6107262430969355
0
0
111.23997016514161
0.5971677847516848
0.3914900322198959
5
131.44631697271808
0.9939104550588993
722.318268771843
0.6130165511155363
160.4989838170405
0.6196833364052176
0
0
111.13803495603167
0.5999722765727508
0.4236986027317811
5
131.69763225093394
0.988526026786954
718.3073525143642
0.5935197421696901
161.10587406573973
0.5953168538214737
0
0
111.22843331137216
0.5838882529873769
0.4474021589782638
5
131.81815848603182
0.9940408101328484
717.1379765506587
0.5815825950961948
161.36635552960752
0.5857047440607058
0
0
111.26763888137963
0.5705244368406525
0.4660228013099925
6
132.36857953586423
0.9911100197430307
715.4067739849014
0.5616802212721395
162.26419502182154
0.5628033655089968
0
0
111.61977405532043
0.550380392544453
81.52793654214791
0.23236553835713905
0.44765679976843037
8
132.7548670588606
0.9966261199246286
710.750122806344
0.5108762381233216
349.81882091273104
0.23723370462964086
213.76816993081093
0.2521672177972735
163.13899427518723
0.5190211544519539
0
0
111.80308612810619
0.5045106409053727
81.85201183525965
0.2663010772882297
0.4337399618694224
9
133.03508553588603
0.9953652098607428
706.8482444918254
0.48100743817113245
349.8869195638898
0.24827923368091398
214.4832626940268
0.2586060593829039
163.72174134733422
0.4838165822093108
0
0
111.87824871253798
0.4752052473042594
96.34316015694053
0.23561835706542328
82.08694163809359
0.2654594315330913
0.46564544601839714
9
133.06183478643666
0.9963526766773135
706.7207340510547
0.46918934954794883
349.8615537004078
0.25007440169389333
214.74546945976405
0.24974294290539148
163.88581249414065
0.4641771870683363
0
0
111.96327429871528
0.47590621453892146
96.39717783539092
0.24691133330179962
82.14927715914776
0.24849661852272922
0.43867473265278634
7
132.5073654633364
0.994823218504415
707.4048824686006
0.49438445315727264
348.9199272433305
0.2387505061081519
163.09866131354937
0.4787700955011627
0
0
111.61177666567622
0.5132001301368195
96.10267197821713
0.2522386602118829
0.4245999332366765
6
131.92516615119
0.9968346431657973
708.4215477842458
0.5465988218278841
162.33318302589146
0.5254132433078556
0
0
111.29721831431844
0.5638101303616309
95.71688603828348
0.2504593353414012
0.4728896467728669
7
131.8873344346388
0.9931736463408233
707.0017810819794
0.5623728979352604
348.02057333880146
0.23293757727564623
162.1867239687188
0.5439800875062718
0
0
111.18057141382677
0.5738772223395915
95.6985732008101
0.2513987973231745
0.4362266947375699
7
131.6725562136435
0.9998845288810657
705.322845551751
0.5642227005446614
347.3040510586652
0.22672007807081215
161.78350832704572
0.5551403901696991
0
0
110.92038689747474
0.5770144080481521
95.5336819292138
0.24044030450829693
0.39887553786404434
7
131.53086869165807
0.9971898003261043
708.7963405570179
0.5802590289254289
348.0263717468285
0.2258612194524017
161.60145116275424
0.574493913391326
0
0
110.97963578708783
0.585600831688018
95.47088482639259
0.23206937849948497
0.4498460713841342
5
131.2015833067553
0.9952639396501894
712.7641905227379
0.6004699641166366
160.90743513804603
0.5974249081938663
0
0
110.86358661773058
0.600340220651948
0.4199378281863719
5
131.14848997327923
0.9971711923282309
718.6546658006204
0.6226869893346666
160.47366307915104
0.6222959206224376
0
0
110.91823677767661
0.6181687838561949
0.3811332831305414
5
131.35804419119407
0.9983527529936389
720.2021583273825
0.6277065273006351
160.61869114440145
0.6296415489122725
0
0
111.07343297264507
0.6239575659747911
0.4196262312820664
5
131.27606497737187
0.9976762035524815
719.386012989777
0.6253147338236357
160.5545481198402
0.6253895852812035
0
0
111.0250687422682
0.6245307918664551
0.42075262207566344
5
131.1233686579819
0.9969308916723848
720.5495930245183
0.6298478744120559
160.37680324251525
0.6303047206985942
0
0
110.9753625407775
0.6263489668940405
0.38772265888408136
5
130.9558849275068
0.9998143869980237
721.5648015993338
0.6360263201610311
160.05075647028247
0.6366056195639721
0
0
110.88797163972883
0.6360396766358175
0.41960783630677057
5
130.6965410910508
0.9947903655959919
727.5119438349634
0.6304707866525642
159.42257013916335
0.6325794320003026
0
0
110.82514847408335
0.6256730998213853
0.4191866339398993
5
130.8701055897653
0.9989526602949516
731.3406006066255
0.6224317855861259
159.32212943159163
0.6297370992979944
0
0
110.95586170110113
0.6164456300053963
0.39582277674729066
5
131.08349656998476
0.9981515352548905
729.539025521585
0.6225748918135378
159.67524565409352
0.6278508215729829
0
0
111.05584527386964
0.6175973434467819
0.40501537282142774
5
131.3411700631826
0.9999219218630985
725.401077612989
0.6191663838163778
160.26950679022238
0.6225539974687033
0
0
111.15612923109295
0.61715823437924
0.4496660899870645
5
131.55513800754716
0.993047976273174
720.1179900121939
0.6100455360909575
160.8793126128905
0.60888661630209
0
0
111.21280127500614
0.6031890426957486
0.4329861105360017
5
131.46736338721266
0.995420208106207
713.9920735172311
0.6060834852240165
161.02334312740865
0.6010918383757739
0
0
111.00022433202612
0.608691828034163
0.4160194025681677
5
131.42315809996384
0.9998269047253571
714.9412955663181
0.6086201890547563
161.04390115034275
0.610381173550408
0
0
111.00772071234447
0.6078963006299005
0.4389224068977675
5
131.3258749077733
0.9956050901935382
713.3431933279388
0.6164432303151475
161.0503369053057
0.6152015937068739
0
0
110.95718837908713
0.6151954961242278
0.4186335735892067
5
131.10195929963768
0.9993484986838719
714.3269607318991
0.6299939030881752
160.59804799705068
0.6271190386806406
0
0
110.79130471765045
0.6328971334602865
0.4124868772919721
5
130.95461346078847
0.9985491115372353
719.3260448974194
0.6438803817506053
160.10249036517413
0.6382213464185296
0
0
110.7903968332887
0.6485519087856817
0.4460630049303908
5
130.7605066979142
0.9957468898163926
723.2601822738357
0.6487018689840802
159.69433150988348
0.6435113008951707
0
0
110.78415559987445
0.6490035290941252
0.4162163215433391
5
130.32989290845603
0.9906239245262466
727.3280066197187
0.6427932564763373
158.91471167971991
0.634812245703878
0
0
110.61607698355972
0.6442761359571121
0.3944743488811744
5
130.01507380573517
0.9942881616593701
735.0137111470311
0.6398724781416428
158.0703792570995
0.641292003383328
0
0
110.52727084795407
0.635826750770379
0.3788358200242254
5
130.22125804483977
0.9986390489265934
741.0472462858226
0.635450608151768
158.01438500340535
0.6441065117031676
0
0
110.74913096312858
0.6268030749198652
0.3878863374606412
5
130.16579099210696
0.9951201081294497
740.4976932822152
0.625719649930602
157.9858487427942
0.6235655308227251
0
0
110.73907348154346
0.6243114555431479
0.34796930750406296
5
130.52748653553508
0.9990664662961768
741.0355717315289
0.6173382066830406
158.33712187868903
0.6255338208128326
0
0
110.90104559527893
0.6122493946443517
0.36554823321103685
5
131.1276476444611
0.993928125776253
734.3402506409947
0.6044502873606007
159.42481047839294
0.6070641417413052
0
0
111.16485077229402
0.5984617007249395
0.39191486692834776
5
130.9848097016994
0.9950940041535038
720.8282022262473
0.6086662540778692
159.92179097253077
0.6053651587482664
0
0
110.81300506859681
0.6108400426303583
0.38098464757350453
5
130.7137952032703
0.9975361274021977
716.8273433225029
0.6287849409071128
159.83802511974014
0.6228823193674896
0
0
110.57464035225495
0.6308252105962158
0.3722441325457077
5
130.77563902910114
0.9978320356501611
720.2105252453146
0.6293042890573032
159.74509788352336
0.6358084574508728
0
0
110.65784946675744
0.6240061044480573
0.3887302290941584
5
130.67605720176553
0.9954495456788587
721.9886164626882
0.6389257232851218
159.55579772187005
0.6423557480764265
0
0
110.65852201975169
0.6338408708917774
0.3763282162889222
5
130.45519963948232
0.9940528208995559
723.2472355218606
0.6544308913179965
159.26354098644498
0.644869396512586
0
0
110.58025793016027
0.6552970381027423
0.3564958393035171
5
130.10601088552824
0.9920073959820466
729.4867383807303
0.639887386807503
158.4428268287547
0.6325907818178848
0
0
110.43365120263073
0.6451727340493647
0.3390858714077604
5
130.10465629598997
0.9978615871465455
737.3559202916007
0.629951065835399
158.04501271298392
0.6370045289750894
0
0
110.59523633265717
0.6285494725436323
0.35160469440810965
5
130.27012188166788
0.9963182034766249
740.6344484536495
0.6273672902771529
158.08821481495636
0.6353420729445939
0
0
110.76856840669247
0.6176151186635397
0.3463141726464819
5
130.30521897625465
0.9947178239205126
740.1616074904248
0.6222566654556406
158.1722708777756
0.6227067691210796
0
0
110.83525653105406
0.6197736305823713
0.3104073255426676
5
130.38715745663268
0.9967438969577587
740.7806494103479
0.612811245390807
158.11234808995562
0.6137085986664994
0
0
110.83558098698374
0.6122166585604519
0.34784678736676716
5
130.52504051924032
0.994113558135698
741.3502411820433
0.6060790642499627
158.39538888097908
0.6105635377859612
0
0
110.96093423040406
0.6018470325256886
0.35681262858617147
5
130.66364443765085
0.993732528114782
737.3194606493014
0.6149507132933377
158.64815775950174
0.6202190812178992
0
0
110.94222363497865
0.6106555181746014
0.3457431093649465
5
130.78934565187504
0.9938301299181649
735.3266937490063
0.6120774758696818
159.1274282597686
0.6122224213372676
0
0
111.05435589839529
0.6122588444975873
0.37255700381064005
5
131.2270928191518
0.9929883869957886
727.861916853779
0.5994026022305646
159.83739309609982
0.603540985622913
0
0
111.05033079466283
0.5981626885469042
0.3813251330981579
5
131.67926536985385
0.9917784669261621
722.2900611582753
0.5789983388101992
160.79777289901932
0.5835984941891542
0
0
111.21744292215642
0.5729139718182501
0.37917331104390917
5
131.78090687824252
0.991552402785382
717.0905022611755
0.5760208916351397
161.42676201609146
0.574762544717318
0
0
111.24790485224977
0.5724269385808757
0.4197740635518095
5
131.82779950116728
0.9890486430027652
716.4420618876465
0.5688804913667601
161.63336117288097
0.5714388753467641
0
0
111.27472653848494
0.5612142808234328
0.4067979670765579
5
132.1909213912896
0.9939348458560929
712.9325086086071
0.5571926303151795
162.18016501432774
0.5540635603111908
0
0
111.4627833013199
0.5552681790353412
0.37837139123283003
5
132.4111870231283
0.9992263571443267
711.4103347202233
0.539031989112294
162.7246511969614
0.5403163455423636
0
0
111.62032375182166
0.5388898028041823
0.4473617020954072
5
132.31864473621596
0.9937278151326299
708.1242590813114
0.5287138390842737
162.61138884630353
0.5181629470224015
0
0
111.42958861793419
0.5382537191794229
0.38710018177976296
5
132.287928499942
0.9980894987926647
706.7582742848616
0.5344882106597609
162.74434671375764
0.5294429207760812
0
0
111.43969193236958
0.5406822602145277
0.37468405867285065
5
132.19469678769408
0.999135579277077
708.3705293192436
0.5292329567806569
162.6148274386043
0.5277296615407455
0
0
111.4484713501917
0.5309050906813914
0.43497738027077143
6
131.92909959790734
0.9940271208987399
708.6832008826976
0.5274966277090284
162.1073733650702
0.51849898951665
0
0
111.20260775228161
0.5369231331819522
95.73225292753433
0.22717669522822945
0.39489581284741565
5
131.70130690514256
0.9961020581241306
710.4119460240073
0.5408203766272443
161.80300201142137
0.5324531766517167
0
0
111.14945281081913
0.5472868371718282
0.38809616245943707
5
131.48224104163222
0.9933142511917878
713.9690823542444
0.5543694803322546
161.14379439924187
0.5454779450824724
0
0
111.03426693554846
0.5620056867784229
0.3967099711411432
5
131.37268397272652
0.9992924030120801
719.974572246334
0.5735272050018326
160.82238467482733
0.5748583196873733
0
0
111.14633727104008
0.5736278207458927
0.4024288909505596
5
131.50808266569527
0.9933045324708097
723.5602276697882
0.5695291286442448
160.6293460474272
0.5757281284510531
0
0
111.24202074288074
0.5615057975799132
0.36597284542949915
5
131.71403073323387
0.9984463702502338
727.6998069178935
0.5520250401624318
160.76632004359118
0.5604607372602812
0
0
111.51434066258447
0.5447845186216679
0.4041277100089491
5
131.87735971656346
0.9945201316082263
731.4523283163302
0.5232022608983855
160.92457597768816
0.530550752949075
0
0
111.73659966690914
0.513966658256265
0.418110927755871
5
132.09025266886033
0.9944363071882527
727.925862369267
0.5137013521541219
161.22577041871958
0.5283405268524974
0
0
111.7217007789735
0.5001647114313839
0.3502563650243861
5
132.35325186700123
0.9921716031849327
726.1586164945074
0.5162326617829312
161.95993686438737
0.5280259672449529
0
0
111.98163060429009
0.5019154538318313
0.4060809197947384
5
132.64351911771334
0.9806925811791701
727.1849683367335
0.48009099304745784
162.30684186219509
0.4858340030497583
0
0
112.13946474104802
0.4674253165296188
0.3830821809529615
5
132.50359911984697
0.9975267138531203
719.9082481219391
0.47219358853131616
162.45359055203605
0.4705204640107013
0
0
111.92957223258564
0.48197907235502124
0.37634287802954
5
132.69341390921136
0.9935032778428486
728.9618249719717
0.4632558443052773
162.316268281498
0.46461662822075545
0
0
112.25815850255141
0.4563738395820101
0.3884889837454083
5
132.52000170756767
0.9960538351019073
732.8233747082219
0.44331197275207646
161.76536381016996
0.44627824119926296
0
0
112.17215045393554
0.4486009532026821
0.41485049390908124
5
131.9977001554482
0.9947718480137981
724.3942963455197
0.47993453623318477
161.43737091224403
0.4650717165996465
0
0
111.69923004332632
0.4873397288519605
0.3791934835236006
5
132.05249104624426
0.9944387304550764
725.0473717760839
0.491484011763395
161.56002306011575
0.47526655025309805
0
0
111.75136807622539
0.5013388001708855
0.397369899908679
5
131.74685178227577
0.9931567473450581
727.9751702126764
0.48462506245230375
160.80487049148584
0.4716034796594806
0
0
111.53645688675503
0.4951957476594128
0.43259885610072907
5
131.54389487384893
0.9957366263143146
731.543563794984
0.5099230501871427
160.42933108033307
0.5075095692982733
0
0
111.4834195774942
0.5118993352252054
0.4220710286745591
5
131.47370836577508
0.9954434783131371
726.902091919188
0.5568939673302318
160.41370189635916
0.5528818692076433
0
0
111.32839887721128
0.5560239753364922
0.3881780590297908
5
131.46590065111073
0.9983151105337561
731.3885334997074
0.5693453845224555
160.3835607222633
0.5684165081788828
0
0
111.48889560645735
0.5714610596154375
0.42500329534263415
5
131.41748475377153
0.9962534728501989
736.1190153971273
0.5624252032516778
160.01988774803309
0.5595672724720766
0
0
111.51935085840564
0.5653482615854852
0.40693209711904454
5
131.28377308395156
0.9962929787457879
738.3803757894643
0.5645056189426028
159.6854047629516
0.56430567722532
0
0
111.46788028160294
0.5614102833109632
0.3644048363557197
5
131.6541300537376
0.9950133887217736
744.7727922969041
0.5606422470605873
159.99174441125206
0.5722186781415786
0
0
111.85774359109439
0.540794999532417
0.42833008964188607
5
132.01172812956798
0.9937916360278783
740.8809347779388
0.5373414329669876
160.55454349673025
0.5484893563538614
0
0
112.01588107890333
0.524796996821973
0.39989928706398653
5
132.19059035362818
0.9977638001175564
738.2930738044314
0.5084141391726894
160.93083297719875
0.5187778926886543
0
0
112.0559816076135
0.498808760536335
0.3885709228089358
5
132.27705051233468
0.9978383835961455
734.4096748373088
0.4940503830270473
161.33877568721664
0.4936286956405504
0
0
112.10676798855452
0.493834044788454
0.4356651822175766
5
132.28039654341305
0.9962472294614935
737.2473994173604
0.48230788576439176
161.2638594286404
0.48605791476501414
0
0
112.11918552249101
0.47820389101873656
0.41641282321407525
5
132.24123237560852
0.9980921573719468
734.1713036309296
0.48205075323780827
161.22472374291686
0.4777426125778266
0
0
112.01100629806997
0.4843118199778005
0.399399000758367
5
132.09477400288492
0.9967369639118606
731.9433518642511
0.4835902434804449
161.19494995041643
0.4769014653853222
0
0
111.85173707106212
0.49143002526562324
0.4137931118004886
5
132.22077994518472
0.9983495139668949
728.3061569136534
0.49527664167578617
161.4760631133665
0.4893163176733185
0
0
111.86763082656663
0.49721348205071664
0.4297900952271495
5
132.33238257671547
0.993915744967121
727.6986095928517
0.4863975074583715
161.88333901070976
0.48292736593493696
0
0
111.9756998704548
0.48875540881023466
0.3949150928114236
5
132.25001402998464
0.9998773909124293
718.4029119016293
0.4985627288705438
162.06009088494562
0.4959001850374371
0
0
111.69647448402014
0.5043968155891669
0.41445014189984536
5
132.1195442496151
0.9936924443835433
717.5986960260574
0.5182377315742457
161.9099706803725
0.5127821130567749
0
0
111.53694690989934
0.5158707103216083
0.40707425944521936
5
131.9424723073495
0.9978192500747319
717.416001643603
0.5230058537218323
161.69031758860723
0.5149969770485869
0
0
111.46913055732404
0.5318446006010001
0.4020286736574654
5
131.7554131899697
0.9950328154191626
723.4698745138389
0.520964889763655
161.23875860400202
0.5139867117193909
0
0
111.48724438775979
0.5278598687479821
0.4200116390947399
5
131.96783637699448
0.9877778602513397
723.3560640550332
0.5231553252731066
161.28826664620027
0.5206861945619726
0
0
111.49016901797447
0.5208490369297767
0.3779642437344337
5
132.1566798732997
0.9977607254312032
715.8334095003436
0.5383523947405129
161.84646808650916
0.544599438687098
0
0
111.48103220853413
0.5395817565261939
0.3662112781185526
5
132.3134794511963
0.9950887570719204
720.7545907637073
0.5275398019901447
162.24663396625377
0.5354184672878132
0
0
111.83818813374539
0.5199898938099585
0.40737898152316354
5
132.3834665829473
0.9926116584601568
720.8381092269237
0.5087460948651371
162.17563117121554
0.5101654860015659
0
0
111.82549181438753
0.5044648702624855
0.4363914303003157
5
132.473722189048
0.9976525205401287
719.0534377944578
0.5045044514065523
162.35320092738075
0.5029414361184966
0
0
111.83264535268333
0.503832048797737
0.39517180876921365
5
132.489786120368
0.9986088485496403
716.6938431596466
0.4968495637316983
162.37388573222975
0.5003052275820598
0
0
111.75031342166685
0.4943159740961287
0.40517589398193515
5
132.34082823229653
0.9947485514793859
719.1803184011477
0.491485663431642
162.2153174733461
0.4985130162003843
0
0
111.73939298995981
0.48150579724587
0.4197985091719376
5
132.1322098875227
0.9998689782185884
716.9057878170527
0.49634556586189243
162.19378248702395
0.49161791023810375
0
0
111.6486342972487
0.5043715850695789
0.41640414134587306
5
131.73834511983796
0.9973819262462091
717.6803572536729
0.5112448906294979
161.40781249238063
0.5013437014760056
0
0
111.31157387405015
0.5185373406396117
0.4028762806236405
5
131.75009437239615
0.9945607161435027
722.7774964556216
0.5215135076594358
161.03355492949686
0.5102927362009684
0
0
111.37734902858081
0.5285882553110306
0.43143161222009246
5
131.8336094504514
0.9962403112709428
725.0780267160719
0.5254023083566675
160.94429562539165
0.5217769464825941
0
0
111.4480961848303
0.5257579056496182
0.4223542880401553
5
131.90059783165262
0.9917844382890715
722.8821429520632
0.5249636026692506
161.39004930106452
0.5214688866714358
0
0
111.51747391192893
0.5265746349135434
0.3611988582190137
5
131.7798710832415
0.9978571453056301
716.0615877407209
0.5429058045841325
161.52423388956828
0.5415751569156232
0
0
111.33754643973266
0.5486138060789271
0.4210388340277801
5
131.58927691813986
0.9976684012107817
720.2477107528487
0.5523271689384699
161.18523395110918
0.5523525828332776
0
0
111.34537927863497
0.5508088405139849
0.41308927194906697
5
131.5217779786201
0.9962149505849329
725.0104867388146
0.546512375905633
160.67887204615937
0.5479138733972377
0
0
111.32366517590128
0.5441619063379741
0.37379481573436285
5
131.56105623562897
0.9967902469397565
727.1046666358109
0.551596725726308
160.48107710103568
0.5548235648069262
0
0
111.33872413237735
0.5453423258868092
0.4110552948549135
5
131.62783491501932
0.9990918054930337
727.8079429716067
0.5525143265833916
160.66728262766836
0.5514300739261189
0
0
111.45779224938703
0.5565003609640489
0.4291601582078808
5
131.72532737299315
0.9900607215985634
728.087705132759
0.5409435964543835
160.7664774096691
0.5489358915099889
0
0
111.48424982953651
0.5282901446284631
0.37450957677004576
5
131.86589022669597
0.998436516243855
723.3121406167845
0.5416658783654003
161.33941375457695
0.5498345868427959
0
0
111.58560597205617
0.5376882939773345
0.4321813613832854
5
131.90806075181496
0.9881238442299392
720.613802055824
0.5286318463373942
161.4297774682642
0.5263287316024016
0
0
111.43899940726958
0.5279003588106634
0.4083718761548379
5
131.58407083091507
0.9978313058833311
717.3729191331926
0.5340665298270376
161.18811197489768
0.5282676654497238
0
0
111.20178596975654
0.5437147052887293
0.39614298461311315
5
131.28829269883101
0.988706103223519
719.8288822027303
0.555018439905898
160.741263081862
0.5490819808717368
0
0
111.09984692668618
0.5562397152525612
0.3948585299539389
5
131.13482075081038
0.99892323708728
725.8335176087138
0.5699239774847567
160.14460984482378
0.5675664840233597
0
0
111.09945814168914
0.5737244825647595
0.42556082306957216
5
131.1132622686018
0.995150056160504
730.2445346277253
0.5756167056945034
159.81532969357556
0.5759412416214685
0
0
111.15652577445012
0.5749481168317305
0.38402523201165073
5
130.97035175668188
0.9965521184963462
731.787058899638
0.5936937716677672
159.53417883405123
0.5933606272945293
0
0
111.09357504701374
0.5903624599552458
0.39230031539498816
5
131.07502451132547
0.9921249640442175
735.573750921326
0.5875682863262689
159.5115899121797
0.5956170991967615
0
0
111.23480249241338
0.5737971463018371
0.4026108931428192
5
131.13561471813767
0.9960564499989137
733.7561314786814
0.5860935097228193
159.64843782584234
0.5914511955154683
0
0
111.21404949708833
0.5810211722819453
0.3627927628837259
5
131.27754206997798
0.9981457088502472
729.2012697446115
0.5858882062147659
160.06816813952426
0.5900414253763062
0
0
111.25027630788222
0.5845962071175826
0.36833803289094547
5
131.21009608072563
0.992552669052882
726.697799554112
0.562928237071311
160.08204402793268
0.565593254236885
0
0
111.15306605770466
0.5607435989494742
0.3916935234997348
5
130.81650429458404
0.9911848611044526
724.3172588513651
0.5577551217386242
159.57905903065736
0.5624242788819274
0
0
110.80203194324862
0.5461181574182887
0.359773551190078
5
130.68300081146361
0.9987736175341939
726.9896470297543
0.5523753375147411
159.29350439591886
0.5590949751940993
0
0
110.77234524929844
0.545850499465364
0.3324616672760342
5
130.80753422626478
0.9985388922537617
730.6470732251754
0.5460772747757753
159.30740650144256
0.5532792392459481
0
0
110.93685973276784
0.5371035719902056
0.33609179626335917
5
130.88736678579716
0.9976687473511533
730.6099101936139
0.535388454444084
159.4238441485725
0.5472627788216946
0
0
110.98604468081157
0.5267773141107844
0.31460641559097713
5
130.8609603961913
0.9986229496437616
726.9958909179557
0.5258833481309905
159.6350402746884
0.5325380821809133
0
0
110.92637640486119
0.5220782389201184
0.31560792506511504
5
130.74232984049686
0.9939818785515411
722.878922119543
0.5102333384369041
159.56993665236473
0.5196495220495599
0
0
110.71407515362812
0.5040272327805689
0.29375086334606937
5
130.79941203711945
0.9948798226139966
720.5929337372124
0.5125824068779257
159.6960346208847
0.5216679158668751
0
0
110.60747853420175
0.500972789478452
0.3034744541797799
5
131.5211864761496
0.9931325554170813
711.3312409173725
0.49996541932446714
160.81782156226663
0.5114889737296375
0
0
110.735528512672
0.4924950521101809
0.28457268943742925
5
131.7919538980195
0.9896905352758738
695.9414109332982
0.503178551456785
162.02564957596988
0.5040909752874282
0
0
110.60620088908021
0.500914644402296
0.2474461660014053
5
131.27819151949532
0.9851249657569604
690.3946666405994
0.5192028636394124
162.1072910279511
0.500864153143761
0
0
110.3496932810218
0.5308750508730896
0.2278896476611955
5
130.26108019914471
0.9442694414932343
707.222285832744
0.5097386192564801
160.07449277630462
0.46967468070031354
0
0
110.17694438282729
0.5218029037639546
0.22278340366454027
4
129.6392887374988
0.8665823637933193
802.0442644946872
0.5198424070017702
0
0
111.26674761313127
0.48661240080517987
0.12353333199371447
2
130.5324191475559
0.8925725040821919
0
0
0.11475718758249721
2
129.83283637425095
0.9634869109583971
0
0
0.10029390383236982
2
130.34751867366649
0.9839278086063578
0
0
0.07256069403109425
2
131.15957354554394
0.9906441047976581
0
0
0.06969136829804827
2
131.2297226549454
0.9944689858063904
0
0
0.05466119630536836
2
131.09918778960017
0.992249505257189
0
0
0.04518162904104306
2
131.67962238991188
0.9923236327264876
0
0
0.0374327477055564
2
131.15659715550254
0.9974725635808769
0
0
0.030783782441061103
2
130.20797187419012
0.9834672417866205
0
0
