1.399362463873637941e-02
2.452179864385223632e-02
9.813836643200511967e-01
8.729208900115853709e+00
1.809411552404380430e+01
2.485822531730436324e+01
2.734501981983814645e+01
2.546276154736905184e+01
2.331465735407724438e+01
2.355535882719368956e+01
2.514172331200563093e+01
2.127936247510615075e+01
1.231608878810004271e+01
4.204404767050490932e+00
1.815289452405601800e+00
1.537823728578823879e+00
1.032594206620784050e+00
6.201840561834188748e-01
4.346761623733123026e-01
4.904948986392080879e-01
1.132624992402919029e+00
1.696945408581803649e+00
2.271490708845056439e+00
4.640928590564211476e+00
8.226859885591268906e+00
1.652643572032267372e+01
3.133046131769566855e+01
5.552061270762229128e+01
5.360888221336747961e+01
3.257326771917107777e+01
2.563863808294847502e+01
2.101943810593476414e+01
2.003657458865056640e+01
1.802492094562684599e+01
1.754847058028839513e+01
1.928428989180804720e+01
1.800706337460950124e+01
1.658181365615233105e+01
1.116104369950752329e+01
4.020030347044373009e+00
3.762433887356202433e+00
8.018297024445521615e+00
1.237039386027629817e+01
1.255080981341158619e+01
7.061826971692890531e+00
1.568474493090937782e+00
1.733026458671646231e-01
6.378639717857302605e-02
7.442279719751861145e-02
8.309680535271472823e-02
7.601376437479751003e-02
5.212444416251403589e-02
4.387181933534087946e-02
3.839694137012785585e-02
3.559036880103095407e-02
6.109729762760456734e-02
9.506429557513659812e-02
1.463407970659449109e-01
1.700956878782883264e-01
1.875339445671271310e-01
1.491806228936937428e-01
5.295233160340864220e-01
6.256634376449811796e+00
1.266878354267087659e+01
1.397334460893547359e+01
1.415215316512184529e+01
1.303896134402001117e+01
1.265858079819946447e+01
1.363590657469761780e+01
1.440104827031754020e+01
1.363808910704900157e+01
1.140575935784405637e+01
1.072463608358312293e+01
9.945018397467686455e+00
9.434758410186754318e+00
9.144014046682713115e+00
8.259700495740727177e+00
8.005985808985357721e+00
8.006841727661452524e+00
9.121200977390703457e+00
1.405341379304666383e+01
1.402397815594238217e+01
6.456818767044354423e+00
1.763190691151141687e+00
3.528483589312043645e-01
5.840844916038073764e-02
1.722367627727898823e-02
1.063626807312701046e-02
8.656544770025181162e-03
9.683864533611998004e-02
1.174348288481819186e-01
3.745227635732516908e-02
1.998944619777222442e+01
4.158444910092300972e+01
3.922760319673447071e+01
2.959161315060223529e+01
2.149984168321602240e+01
1.841570790575887528e+01
1.776130095382525909e+01
1.714777548067563373e+01
1.752211123139914761e+01
1.600147715198092513e+01
1.411539468821601417e+01
1.534629877821268806e+01
1.807545789534839287e+01
1.931151757409428527e+01
1.773593422778217032e+01
1.653772270537685785e+01
1.627397261084074387e+01
1.789301617754175666e+01
1.860614914213982019e+01
1.776401747750470506e+01
1.644183067230722983e+01
1.651424310688121366e+01
1.797152194934292524e+01
1.905814155297773738e+01
1.977766363509426739e+01
1.818085556407607228e+01
1.796214591885735601e+01
1.759780635845174501e+01
1.725686425070241015e+01
1.846243682673657460e+01
1.652891401885407419e+01
1.578559291013349508e+01
1.701716431960111819e+01
1.548855201262161430e+01
1.495999475709548676e+01
1.621601063580475000e+01
1.530013930074257544e+01
1.574554082554989698e+01
1.731611136491454417e+01
1.672538995357406577e+01
1.622283056190472550e+01
1.451221681571288435e+01
1.234134095147120469e+01
1.012858902942552319e+01
6.234322245610292690e+00
2.885824379473683088e+00
1.014278377374661977e+00
2.693404120909360100e-01
2.270709008250208424e-02
3.957869111230328911e-03
4.669355010969092855e-03
1.485656093211193017e-03
4.212331670767296998e-04
1.360138793075103651e-02
1.931090983088393567e-02
7.868997578845850563e-03
5.756857003570787536e-03
1.490037552918496988e-01
3.107340265809621638e-01
6.995903048642014843e-01
7.483324632984652558e-01
3.804392169765871135e-01
2.306342772428904009e-01
1.153061697316519973e+00
4.397360649506233621e+00
6.478509789857543666e+00
5.933117837936855210e+00
4.711151936219261316e+00
3.529442046532960564e+00
3.294369922698314301e+00
3.387327081881216451e+00
3.258487776272652514e+00
2.903836678970615370e+00
1.994392991919645475e+00
8.483724390683931027e-01
1.891259533776606661e-01
1.724682086066432057e-02
3.318372631598258491e-03
2.208127847984044795e-03
1.720526422476692085e-03
1.209219723134154646e-03
6.212819528438788888e-03
1.328156471548678705e-02
1.103882721502186248e-02
1.297022878961347214e-02
1.646628892977383685e-02
1.007024121126287412e-02
6.260157145962992262e-03
1.912556988137852423e-02
3.436535304292359649e-02
1.014973923704201725e-01
1.491455725499091500e-01
1.066353065740420353e-01
1.086176021028438243e-01
1.155973449344816634e-01
9.309017315679093962e-02
1.113303098110976497e-01
9.641294422710529333e-02
5.670613880111095850e-02
4.090159320816932897e-02
2.387463162328299152e-02
1.393450324775117113e-02
6.624514635856977932e-03
2.813202273017194246e-03
2.072275759356296751e-03
1.360347779280299610e-03
5.388553294583456723e-04
7.254959037799396052e-04
1.031301564494495077e-03
2.033732174817848900e-03
1.782137103231548354e-03
6.400489305770459825e-03
9.484678027315779705e-03
6.905994725240918036e-03
4.174924190577762317e-01
9.759026000897528252e-01
1.001385765620265156e+00
6.311081909424751668e-01
3.494380633357037524e+00
1.987376166628846264e+01
2.708965408086194415e+01
1.882405097026810026e+01
1.620114898024128891e+01
1.584109612655121424e+01
1.560973204700450268e+01
1.417532428365088926e+01
1.218764454667218722e+01
1.164704457781811975e+01
1.399269941401037975e+01
1.401314871131707918e+01
1.124083683632349029e+01
1.054014906006134211e+01
9.492707481957086912e+00
4.783451903397657468e+00
6.995798081465977036e-01
1.287678325262310575e-01
1.254599409265165152e-02
6.769235126094339146e-03
6.165407146921704322e-03
9.614812555433220609e-03
8.981443327160562942e-03
5.694597191185527506e-03
8.377335323738986650e-03
2.690483540664951323e-01
4.937565632219612088e-01
4.751931982202593829e+00
9.417960108420501797e+00
1.239699961644532777e+01
1.403490304342926187e+01
1.588454658124705787e+01
1.659743077055822624e+01
1.799334469342208465e+01
2.051362750697600745e+01
1.741918411472984118e+01
1.600031768811913935e+01
1.324054665714663948e+01
9.371805379045948570e+00
7.696019511874000685e+00
4.616026056835927704e+00
1.770011769482042308e+00
1.705297476279940883e+00
2.521426916905616267e+00
2.268716662689394425e+00
1.777765576791494606e+00
8.904204253505234590e-01
2.495388191203287420e-01
8.921620354475580383e-02
1.085516106340657316e+00
2.249700388681022289e+00
2.505982640446141829e+00
2.410350803349855298e+00
1.970456875888909831e+00
1.625456323365931377e+00
1.418515631825106871e+00
1.328178153264181649e+00
1.312411757613973329e+00
1.152120286198981658e+00
7.193193832930517839e-01
2.464350421350964271e-01
4.366152420865336559e-02
1.309290379943696229e-02
4.328286354905716560e-03
2.509325765161761392e-03
9.475629425610409282e-04
1.352149465718575005e-03
8.760175155758378671e-03
2.089696730272577740e-02
2.575943352959603194e-02
2.616757288099017323e-02
4.027470714149532227e-02
5.274723934338115122e-02
5.280649859462306639e-02
5.244168505168349953e-02
4.557666115113978567e-02
4.259186415990621338e-02
4.177352767740644818e-02
5.259225278953699734e-02
5.282081725649588611e-02
3.331021983983278173e-02
2.032407797763557955e-02
1.050848860786525105e-02
6.090908640057491295e-03
4.528685297302555146e-03
3.661117071438214042e-03
1.494844731043628791e-03
1.807982178683416883e-03
4.807229078923282509e-03
4.998104890462777040e-03
1.715990822358240755e-02
2.887929165036339896e+00
8.256024642216019060e+00
1.178304168679407837e+01
1.130828279539198178e+01
1.046540456090946947e+01
1.162432686758285172e+01
1.206843203545999899e+01
9.177852814765188327e+00
3.820002463846085217e+00
8.096227219383372864e-01
1.912221960508037888e-01
2.603049444590679537e-02
2.922735574282744712e-03
6.817500522310203544e-03
8.672846336184212093e-03
3.795390155338258797e-03
4.650278609374188139e-03
3.054374512076601378e-01
3.164715873895552534e+00
3.926876434808715288e+00
1.659418333625151121e+00
4.937310531207031339e+00
1.203181700683350996e+01
1.677951042529678105e+01
1.606809159219315220e+01
1.099772665590587195e+01
5.905611867574695140e+00
2.201685379161632206e+00
6.843554651191186000e-01
1.683920749958103258e+00
3.396072548789855983e+00
4.291911641274298361e+00
4.374591147552282955e+00
4.422108569889254603e+00
4.158316587307353984e+00
3.850939789903344845e+00
3.934027549379039534e+00
3.789279338160406407e+00
3.426406338673509300e+00
3.547044083173188422e+00
3.841786142958905081e+00
3.731716658406083464e+00
3.534354462819235376e+00
3.225464058916549526e+00
2.616074773611453352e+00
1.468012265987979070e+00
4.031797923431206798e-01
5.222534830117696314e-02
1.266030652135651836e-02
6.967236762737086947e-03
4.039869465569549678e-03
3.164811213494172874e-03
1.866390359672816593e-02
1.389545545151417705e-01
5.824685791758308362e-01
1.643968642528790269e+00
2.898844530403526853e+00
3.537078230235040532e+00
3.963259572882762427e+00
4.919623538107205540e+00
5.424614289154566116e+00
5.844958551579101602e+00
5.960839133738719653e+00
4.276246059112940756e+00
2.488434225825527868e+00
1.698347766556621341e+00
1.253080743815369713e+00
8.640657328138128257e-01
5.665383556728369463e-01
2.835300404611131864e-01
5.786717344016916592e-02
9.078660275688238412e-03
5.189957926307838844e-03
2.838104112377232667e-03
1.854654505218298471e-03
6.790620299773449803e-03
1.314338302922168737e-02
9.639523159421948401e-03
7.252109772317942744e-03
9.787746057857250187e-03
1.366122142321819256e-02
1.527002632983189001e-02
2.012485894345498322e-02
1.727808854213607262e-02
1.062669347509800043e-02
1.617867314295966946e-02
2.495969412054340614e-02
2.614202513688695939e-02
2.243361785674777287e-02
2.563422654588798713e-02
3.039429889049518468e-02
2.856509790831852566e-02
3.304066198213915367e-02
2.941832338749183345e-02
2.853185330320337151e-02
3.133818604329943053e-02
2.323584523389341655e-02
2.188886912466350698e-02
1.583969318595621414e-02
1.071560318516981761e-02
9.169585513939636570e-03
9.044613310885681740e-03
5.703214855054017027e-03
3.120920480760277626e-03
4.343847661776687775e-03
3.681462076258371508e-03
2.184014898502396364e-03
3.959307376799246769e-03
5.747569468836323178e-03
6.154401789530029344e-03
6.059502896039694296e-03
7.576589426639598543e-03
5.026233193743368313e-03
1.788905471982805409e-03
4.015819620766995432e-03
7.388422402854682991e-02
1.215610457864299221e+00
1.726166869181763985e+00
9.537794460483738357e-01
1.179425609836866506e+00
2.438069888006782371e+00
4.775673446114572229e+00
1.093889587105682004e+01
2.206329153331381931e+01
3.191778211626436956e+01
2.952936087317103642e+01
2.321484415111122601e+01
2.274323558506000609e+01
2.252741940663587528e+01
2.349771485265274151e+01
2.165539658609437268e+01
1.336710182362923405e+01
8.069144652612781243e+00
7.642310471014204687e+00
7.566718313041771005e+00
8.087195541343575655e+00
8.417748194794093308e+00
8.635877784143056957e+00
1.516579663609899242e+01
2.087256815280109734e+01
2.138230754721893234e+01
2.082483477511288328e+01
1.698387860056516985e+01
1.379971212677539505e+01
1.248373324646388305e+01
1.231196892112136787e+01
1.268696678914350962e+01
1.297825480138900822e+01
1.338739867283213236e+01
1.399332046065799418e+01
1.459638131213072221e+01
1.460017613902835443e+01
1.300624879288219837e+01
1.051356317079631353e+01
7.996446513626969121e+00
6.321324707324481373e+00
5.214226092663381884e+00
4.456782871909296340e+00
4.313915933330221719e+00
4.441676834596572476e+00
4.171692735058586621e+00
3.741461215706226362e+00
3.687140639768893280e+00
3.609467235954422204e+00
3.519156256456231091e+00
3.401349156460134804e+00
3.051008678085319836e+00
1.927100525831585198e+00
7.759960527187090840e-01
3.490974963091709182e-01
2.884945503727932570e-01
2.549558610113433765e-01
1.857965862626413944e-01
2.574695521757238148e-01
4.362735387417808752e-01
8.111797856351905534e-01
1.665330808564544629e+00
2.865522156451726143e+00
2.989921668015181666e+00
2.218206989594023959e+00
1.786837027720301618e+00
1.520456147899032162e+00
1.155104801006743731e+00
1.211075995969767227e+00
1.429546741335345095e+00
1.246791188375473869e+00
1.085741268329224241e+00
9.389339019431794942e-01
6.738640541871057099e-01
4.124409943786691568e-01
2.452282441530338197e-01
1.278450043851315776e-01
9.148406023864538716e-02
8.848387647023324420e-02
1.406441986733665828e-01
3.527729160031102262e-01
3.614952248296079418e-01
1.554383696483934707e-01
5.657940224205220553e-02
6.390331223576528608e-02
1.214384840834361740e-01
7.043820419144553036e-02
5.457235231366841521e-02
5.053681681254308666e-02
3.523107211768170682e-02
3.673699428358031399e-02
1.306458239230830556e-02
1.372552265956784173e-02
7.198233350856391745e-03
4.441803412267603113e-02
4.236176960115776990e-02
2.454383848954906026e-03
2.565965064816936314e-01
7.395565099781846730e-01
3.243010916123097331e+00
1.898750913645199034e+01
3.496514077137796761e+01
3.989450788879347698e+01
3.632936860385878930e+01
2.729318541315763369e+01
2.239979631763507584e+01
2.136868503426598309e+01
2.062259722360160907e+01
1.831060394267752045e+01
1.903614289800363579e+01
1.956703152198090834e+01
1.710992773385099852e+01
1.675829790207808756e+01
1.848397806239961483e+01
1.791173788887448737e+01
1.502711537469765091e+01
8.627933570010542397e+00
2.445741895591957871e+00
8.354539469831352427e-01
5.178272465497759658e-01
2.258369809822080021e-01
4.566766622282562027e-01
3.071786903869560437e+00
1.340109858778157381e+01
1.789550874471130015e+01
1.316210837265626132e+01
1.094116628037159167e+01
7.352211789452244517e+00
2.524038113868883659e+00
1.677360830832620164e-01
2.532970298439628579e-02
1.047634891296102440e-02
1.152639042389830629e-02
1.263902683872468805e-02
1.884518156446770079e-02
1.622450659183748492e-02
2.590109166304452870e-01
4.160557601077760626e-01
2.115888362274209455e-01
5.274713432392039159e-02
6.957764653278090440e-03
3.924678738809818900e-03
3.031340381759953934e-03
1.666188734503797498e-03
4.187170283075666681e-03
5.048262460404635832e-03
4.855943521185219700e-03
4.166941981690968494e-03
8.536018012849232173e-02
6.279472329422073340e-01
8.165815166114734902e-01
1.867292251108301215e+00
3.171125072241221865e+00
3.265809913524619912e+00
3.403084090161364816e+00
3.371823882338189637e+00
3.129593966461132304e+00
2.796741862235931464e+00
2.532434756301307210e+00
2.306878681467056769e+00
2.143993255980791268e+00
1.965384184250579036e+00
1.548115330993056427e+00
1.071077249635964845e+00
5.727012669187947491e-01
1.408531969848124121e-01
3.402503210268353201e-02
3.489535316272911886e-02
2.123423513894609829e-02
1.329573437953551242e-02
5.951715026220028536e-03
3.075048233838844920e-03
3.140742707118450352e-03
6.195904980782914427e-03
2.605906829512076930e-02
5.121467642607963056e-02
6.794923758110034406e-02
1.129589788505930559e-01
1.598216838766471637e-01
1.836778440339925655e-01
1.977002504896006319e-01
1.822049832368607403e-01
2.001774052573969120e-01
2.220870777429063414e-01
1.977028751484119218e-01
1.968673610196092771e-01
2.198637577914576147e-01
1.960217817167124454e-01
2.351265195280586306e-01
2.569784807570579810e-01
2.363430190359833705e-01
2.265049929660100381e-01
1.833596369769265322e-01
1.833587040364391685e-01
1.900620488524089879e-01
1.594568735623843603e-01
9.273784098739085158e-02
4.407948910708094081e-02
2.105172746084505234e-02
1.207837739609735755e-02
5.501615133450598293e-03
3.289725842775320739e-03
2.220837637322148859e-03
1.237959348105456200e-03
1.037208138676496035e-03
1.584729786922768266e-03
3.221320999593672331e-03
6.661720018351293023e-03
9.763375614949330525e-03
2.272546700447087842e-01
1.278546895802427530e+00
1.665739675584263058e+00
1.110711745607587453e+00
9.132782900306986029e-01
7.725339970509454979e-01
1.389777154695699846e+00
9.320294725599390873e+00
4.189319981040799945e+01
5.385672079608562512e+01
3.618111352737034991e+01
3.402509370971066005e+01
3.314078562668635897e+01
3.091378895822053607e+01
3.148408907902577525e+01
2.788473730793442229e+01
2.292612225928087000e+01
2.140185002412357917e+01
2.719199754555801718e+01
3.187594672226770953e+01
3.175036256624648701e+01
3.244943646557346995e+01
2.885205486172986866e+01
2.439061510041164738e+01
1.596434680660360783e+01
1.569116191954089956e+01
3.356785016675343769e+01
3.585080435895400086e+01
2.513643190545799655e+01
2.259417280223524571e+01
1.568427340645251356e+01
4.931075895829267530e+00
5.028859459661008113e-01
1.360100418624197449e-01
2.351796893101129604e-02
9.512698118162596014e-03
3.966401041608123672e-03
1.309576748897748645e-02
2.254173365790348299e-02
2.402737287039119138e-02
3.461649827501962762e-02
4.981733512366059102e+00
1.905894648774179245e+01
2.916031904993561952e+01
3.185416169174030543e+01
3.931828783370536939e+01
4.204351048507890454e+01
3.447302140102177503e+01
2.627510713479444604e+01
1.901239629961218824e+01
1.653575971396575639e+01
1.717202430324451257e+01
1.727562111132490230e+01
1.700023727499657866e+01
1.632027522040132794e+01
1.537313952603534695e+01
1.291321768650197832e+01
9.036273717549571316e+00
4.419456640508032663e+00
2.904053829252142727e+00
8.039633577232947914e+00
1.427689230890144856e+01
1.831099335150494412e+01
1.716619273766176335e+01
1.347077423355607273e+01
1.162233731411864035e+01
1.058961212848742051e+01
1.068072630041170790e+01
1.182400620071421926e+01
1.067952252471351038e+01
7.345811035301275105e+00
5.954606244686119432e+00
5.573793147492068556e+00
5.651981395847380796e+00
4.668671844290515516e+00
3.190146662235733288e+00
1.833323640738223848e+00
1.173548351760159481e+00
8.811787754683698681e-01
2.158160441342773961e+00
8.136641368210211667e+00
2.442038375380669635e+01
2.643184369620517771e+01
1.551722305679824920e+01
1.524687494986200775e+01
1.554532440799511228e+01
1.511522881287191744e+01
1.458792673370993143e+01
1.384458835412692146e+01
1.324647374687621415e+01
1.197017686398107905e+01
1.158395058793263033e+01
1.101149119608349203e+01
9.800039286437369768e+00
8.114187024842291152e+00
6.245813378989566900e+00
4.788345019178803952e+00
3.750760248288667942e+00
3.425840195793748322e+00
2.931810929771213381e+00
2.379472115890666650e+00
1.930937057703063564e+00
1.914636590923023629e+00
2.217474024351860251e+00
1.954149921872257334e+00
1.381893133557044129e+00
1.145668423058745500e+00
1.047866575724077931e+00
8.776200177970993055e-01
7.806504842232054875e-01
5.345383317105467658e-01
3.079824593140339517e-01
1.966589970707343926e-01
6.744661149517294785e-02
8.552341869461710724e-03
3.778235540959067485e-03
4.954610716758808472e-03
4.156801755966056146e-03
1.507810411852459741e-03
6.746362464595579995e-04
2.388047463268717625e-04
1.202245773407423397e-02
1.780427072199406227e-02
1.177299181719768384e-01
8.108146580726911523e-01
2.435911309303550709e+00
4.727037156332100309e+00
7.519748446523829344e+00
9.673694751328943298e+00
1.109806801861418002e+01
1.233419333912670446e+01
1.292417832590964899e+01
1.270170501476119718e+01
1.254663119618517975e+01
1.267745541450270785e+01
1.123300102181729443e+01
9.432117008768496902e+00
8.878378640058215865e+00
8.361906148371005543e+00
7.463484343930164577e+00
6.694034107504658770e+00
6.482847173713501832e+00
6.722913753561654993e+00
6.989396415586381472e+00
7.220379871036468167e+00
7.558812685282410904e+00
8.313836767565865316e+00
1.018062698344530581e+01
1.186496296823162844e+01
1.322748487589516664e+01
1.397029593382131729e+01
1.472902038969312244e+01
1.589022245164357905e+01
1.488109022004236337e+01
1.345277258736938997e+01
1.289032804701836810e+01
1.286551958770293247e+01
1.293222926384763305e+01
1.262469520935004041e+01
1.249453146410229287e+01
1.200736412146759768e+01
1.330596533601762310e+01
1.356412022047356736e+01
1.053163915344488011e+01
7.936454217757650476e+00
7.121729898242906920e+00
6.892538244386667401e+00
6.132234363484883488e+00
5.460434614166081779e+00
4.495479449798841287e+00
3.418871017278441560e+00
2.534317409248983299e+00
2.638096725405116416e+00
3.222338613971681198e+00
3.039224348121936536e+00
2.454976849633258684e+00
1.998181538263693380e+00
1.773198596410697547e+00
1.692520731380931398e+00
1.720734374482213003e+00
1.524170228979687458e+00
9.796257969669086574e-01
6.117012950932980697e-01
3.146605827257216714e-01
4.495639334198535397e-02
5.224640275961342333e-03
4.135368980698377050e-03
5.162864605892263960e-03
4.175554426297296666e-03
1.128807114634014855e-03
9.530974778728272187e-04
1.975812173512521593e-03
2.379877754350652550e-03
1.175101478397809441e-03
3.430758933045782895e-03
4.417231797743664291e-03
4.643746566534294115e-03
6.618739859405918177e-03
2.474125216947295827e-02
2.443617057227668449e-02
1.479884385721404010e-02
1.679896655569543956e-02
6.496954172626893953e-02
7.543524602030042547e-02
3.228754259516588426e-02
3.468557274672684487e-02
3.645672056797369387e-02
6.382674095786759760e-02
1.336064513247018082e-01
1.269083066572746776e-01
6.662870816039941080e-02
7.542225298733352956e-02
6.890291178106014436e-02
3.503961442889393096e-02
1.960271993077855948e-02
8.160995466000874055e-03
3.053733419608516218e-03
1.354043006296503553e-03
1.944542557629894575e-03
2.063876586878880641e-03
1.089496605174411362e-03
1.477148602698919811e-03
1.274252552341594794e-03
9.183235321090428864e-04
1.020529509027363283e-03
3.033986420623989867e-03
2.801533103295908000e-03
1.480099446207546084e-03
1.554935129134343320e-03
7.053651626145939976e-04
2.487301262177346595e-03
1.768591336965770755e-01
2.896591926764546798e+00
1.705721978700641728e+01
3.109316576644345531e+01
3.112350329315696840e+01
3.441448918812071867e+01
4.126164301052894956e+01
4.356867513789185153e+01
3.804167285701448264e+01
3.022886263736904766e+01
2.823509320968386760e+01
2.918441518280153346e+01
2.326942905365789471e+01
2.047334864029332024e+01
2.470991004472846342e+01
2.548991028169828610e+01
2.549984537203191337e+01
2.326485777338260164e+01
2.499757554599081644e+01
2.389624332706705800e+01
1.934389163412698665e+01
1.934842620632994681e+01
1.829463505122415512e+01
1.539510768693269327e+01
1.653975487295437929e+01
1.544300870722324603e+01
1.375369653608201759e+01
1.619407475836568011e+01
1.896240054784978923e+01
1.861015459537214056e+01
1.515094919076158853e+01
1.465214281512043648e+01
1.596292668380595892e+01
1.769853614472414094e+01
1.695607534446608256e+01
1.600499457951244509e+01
1.589293092590413004e+01
1.244912986244428943e+01
1.059248927531123918e+01
1.015058826802141390e+01
9.011064377395445746e+00
8.871133498034364351e+00
8.698626619962176676e+00
8.172585805396224146e+00
8.144869029662487492e+00
7.641678294248158920e+00
7.458235599272840410e+00
7.754315145048421343e+00
7.720823295077811288e+00
8.257145511884646183e+00
7.995836619708557969e+00
7.356892950806779297e+00
7.064785317267340936e+00
6.725636325133431015e+00
6.536237276705916699e+00
6.329516218614544165e+00
7.458955385900036816e+00
9.487778116634817849e+00
9.763560983282793870e+00
8.780017513624507330e+00
7.922347854779095755e+00
7.187077920282649579e+00
6.403287834416242497e+00
5.765485431030324293e+00
5.356308030439278056e+00
5.197238851186961384e+00
5.954474072543813890e+00
7.019663727213719007e+00
6.850235509011369572e+00
6.365339786204183170e+00
7.040980019223719744e+00
7.467277054853736828e+00
6.861776528433941813e+00
6.309520164539984322e+00
6.484283946951006961e+00
4.015570716708800170e+00
1.095097754623350461e+00
2.679843424774257521e+00
4.006570442954361155e+00
2.045862516210298132e+00
1.008526288451008224e+00
3.056813389778235912e+00
4.008489678194845141e+00
2.831188415430328398e+00
4.891246744899582666e+00
1.136678295361617685e+01
1.374204692280102158e+01
1.158000443360286269e+01
1.127747424188078362e+01
1.040217631124077791e+01
9.156097325209170634e+00
9.323071335407124849e+00
8.299769425082468288e+00
7.851069902169281356e+00
8.209137929870809813e+00
5.939089992168713472e+00
2.230837187331304872e+00
2.979789023708233064e-01
6.566443242788162771e-02
4.117559519589474547e-03
9.611443317004257376e-04
9.085786197192428828e-04
1.498714974643610125e-03
1.139517594241629692e-03
1.024933749108055542e-03
1.292636376697066120e-03
4.107293359693469648e-01
4.849477703760068925e-01
1.469732853124527283e+00
2.908070251441817078e+00
2.804445324374669646e+00
2.632560802392806654e+00
2.250339781265984662e+00
1.873654565502707925e+00
1.714496917608668181e+00
1.393075243598163926e+00
1.300904371620532185e+00
1.247692253736985890e+00
1.119250168166467496e+00
8.555913060754660737e-01
4.618798895473948396e-01
1.559477134757158989e-01
2.690301852254575396e-02
1.020943172725298498e-02
4.965408734573399652e-03
4.867070658721326867e-03
3.833174390936920379e-03
2.257766386299249126e-03
5.146339348284966614e-03
1.131330449591468924e-02
1.434281630620197479e-02
1.511852229937875845e-02
1.971229293930290560e-02
2.430794579828898447e-02
2.674012187006856792e-02
2.733924305798229176e-02
2.993124546380101017e-02
2.855239447708796813e-02
2.510171374315252335e-02
2.279602342918324656e-02
1.923797074349425928e-02
1.583540985380050420e-02
1.185030810356061184e-02
9.830759897710830697e-03
7.091419439565034392e-03
4.170072396220180291e-03
2.604940089907474294e-03
8.972243793141660827e-04
4.971432676264225629e-04
2.343514189033316444e-03
2.579898770308697645e-03
3.584311812502415789e-03
3.700100202071008367e-03
1.857354297028344058e-03
2.262654758613522055e-03
4.357405320420669123e-03
7.187179222390100396e-03
2.197943434314594477e-02
1.184103178079610325e-01
5.677332036761708611e-01
1.167633097464229497e+00
2.187903758775030294e+00
3.769999178765324643e+00
5.164575577927910999e+00
5.054942364336962868e+00
4.031651329088774105e+00
3.873154181699101972e+00
3.437437193306438044e+00
1.999102597505863610e+00
9.469447074751158322e-01
2.373611855747108201e+00
8.951366008243368810e+00
1.280238608096002295e+01
1.028840788524402861e+01
9.155356191999963755e+00
9.049422999266072409e+00
8.680614317402648439e+00
8.573760274823085226e+00
7.934170307318457738e+00
6.921980308040146745e+00
6.016391705147639435e+00
5.273016827537190920e+00
4.826589681102092300e+00
4.629800305152651951e+00
3.899513513783748220e+00
3.127764069795977431e+00
2.515567742710635102e+00
1.632016199091626873e+00
8.649519598400483567e-01
3.358658407499121035e-01
1.091353381732322186e-01
2.889778286609152522e-02
9.507212808917121782e-03
8.419675752894529436e-03
1.146602489638793264e-02
1.022782534284705225e-02
9.450243927374637684e-03
8.730760324669704919e-03
1.569108423430249505e-02
1.958012781986608053e-02
1.145616692573392381e-02
1.307403272152686015e-02
9.011097203024247618e-03
1.935101435810416453e-03
1.005093230426992463e-03
1.167633805957159253e-03
2.401030565323787960e-03
1.710911302386944680e-02
3.184583860380649223e-02
2.594850085931693293e-02
1.234217421730161336e-02
1.482162417627235461e-02
7.429473692263853513e-02
1.238813411894207073e-01
1.207418200369022032e-01
7.674858519957264424e-02
6.783986621398903349e-02
8.133008616499921850e-02
5.206341421891373666e-02
3.720162523644726660e-02
3.979328593695798805e-02
3.718235613483222152e-02
1.958784422631581687e-02
1.081175380501171908e-02
7.536766528339506992e-03
4.473914192821307374e-03
3.554114957640292297e-03
6.981790658090782260e-03
5.816322099187621296e-03
6.094814861470167384e-03
8.223753836277056598e-03
2.779729378323672184e-03
8.966535803597787575e-04
9.953570360327840608e-04
5.106278166364306131e-04
1.434314209583656104e-03
1.982491724806906552e-01
6.024137786520739724e+00
1.378465368073669950e+01
1.585407489014817273e+01
1.642861491531462548e+01
1.860479868019048055e+01
1.825629272564408367e+01
1.798781640465477238e+01
2.398674751486797518e+01
2.363952870480579449e+01
1.131277831277606793e+01
2.359152010689407053e+00
8.959350112952306766e-01
7.810387049334844844e-01
7.343259483139288335e-01
1.111330546943032127e+00
1.843632310557111964e+00
2.489030099884573577e+00
7.666220087266637506e+00
2.665490100398675466e+01
3.612310827534420099e+01
2.797016831615367494e+01
3.190453819909885524e+01
3.776346556870652904e+01
3.088606868741420897e+01
2.510826815267458301e+01
2.498461456807502756e+01
2.508359494443288185e+01
2.362159995453211181e+01
1.875042514323928344e+01
1.099200571347401656e+01
4.461364820373923123e+00
1.635272959396317116e+00
1.482099779186924371e+00
1.229202845661268473e+00
9.126033925794281298e-01
2.044607583122938443e+00
3.902497588751415503e+00
5.037395091768043898e+00
6.403280028755942155e+00
6.828879191918566072e+00
6.331230416076055079e+00
6.247254029526590813e+00
5.554349594407469226e+00
5.372131588610432829e+00
6.009158557412042079e+00
6.143533426772955330e+00
6.178733027291546165e+00
6.268436727987090507e+00
7.066987009279183773e+00
8.325545249922390312e+00
9.236995883616710756e+00
9.438322846736646454e+00
1.067800178162939950e+01
1.121251763860478867e+01
9.578696833952548673e+00
1.019208560665872731e+01
1.030174043082772073e+01
9.031529137161717458e+00
9.506050074825214580e+00
9.159365205437376645e+00
8.068885569069745856e+00
7.557645297932202411e+00
8.904911130479685966e+00
1.216605218013640588e+01
1.293358503884234167e+01
1.169435498383516681e+01
1.057342649601254791e+01
9.743636043754866805e+00
1.051844129139193562e+01
1.079686766160711464e+01
9.671371933401704979e+00
1.021192063043505804e+01
9.820312378662379160e+00
8.944664842570507091e+00
8.132934448137186578e+00
6.092705728238614782e+00
3.431443054907879375e+00
2.052670912668435044e+00
2.858544051492749816e+00
2.998820349300527432e+00
2.645892382693896483e+00
1.745192906644076558e+00
4.473940204092009543e-01
5.369041016987491019e-03
7.542930800387127876e-02
7.694686170130496383e-02
3.852387181959203866e-03
2.657305832267369602e-03
6.206438258216391279e-01
1.097996532384605262e+00
9.756091549443326461e-01
9.904401709489050187e-01
8.348780322863367243e-01
6.597474972025305640e-01
2.402037320966539546e+00
6.108866316998869728e+00
9.346537942063477544e+00
1.180720433868946984e+01
1.146444565342477340e+01
9.522633550375001477e+00
7.963736418911960158e+00
6.422831345414937942e+00
5.708435935239727144e+00
5.111009049527517334e+00
4.672376798882308613e+00
4.213700550811305234e+00
4.004739124662230587e+00
4.046939679974568271e+00
3.979651849639125771e+00
3.998632356390158016e+00
3.763764634469177750e+00
3.427054893203051567e+00
3.192253762074301893e+00
3.091515447029296038e+00
2.997245560339572013e+00
2.610918996622763277e+00
2.290921062557953469e+00
2.106654550353872946e+00
1.900016366581672722e+00
1.603139349333337016e+00
1.266449763250999228e+00
9.115339879678584500e-01
5.246591632580817066e-01
2.994043291654678307e-01
8.865721533874308946e-01
2.707724473403218646e+00
3.004529201211352252e+00
1.760505599828547485e+00
1.293375943960633156e+00
8.671206064706934447e-01
3.247072116540983822e-01
6.243926040909750230e-02
1.909266774552721355e-02
1.188708542591468409e-02
1.361873181179235753e-02
1.009853733364744592e-02
3.629973062820816571e-03
4.903829619440064520e-03
4.986030801905933819e-03
4.937217434440839027e-03
6.295728001212385662e-03
9.671356179327983763e-03
1.381546218466816502e-02
2.059529048085222483e-02
2.212205090307907754e-02
2.180232042262210054e-02
3.185775459222620065e-02
4.400324689850049209e-02
5.320541505745667032e-02
4.656959415636340027e-02
3.900123732958652584e-02
4.090304379385106825e-02
4.075459596089153064e-02
3.921811645214490910e-02
3.277867849931251354e-02
2.330904777771854869e-02
1.524416384438536526e-02
7.750799337254480476e-03
6.684561353915931606e-03
7.181845449384318888e-03
5.778007018074773384e-03
4.662986675913893472e-03
2.004035842252172017e-03
8.407554162772036543e-03
1.046289484925861865e-02
7.177827804023356913e-03
1.939306485403619884e-01
5.246298714249587825e+00
9.077970241015757225e+00
5.453442700436530011e+00
2.148139907092271983e+00
1.517699572924174900e+00
4.239279936305330843e+00
3.874547720989396993e+01
7.523158074182373412e+01
5.555468407950883147e+01
3.469660082713232896e+01
3.401547275288363892e+01
2.891193944853019104e+01
2.614624645699677430e+01
2.261678032907625280e+01
1.901521787389816964e+01
1.686639442160123892e+01
1.492580064979463472e+01
1.315388950608726049e+01
1.331483912431608552e+01
1.347785483867692058e+01
1.380853055679762420e+01
1.402684863345605670e+01
1.419000017073211950e+01
1.745318622697180189e+01
1.768915789252474724e+01
1.575058002552071201e+01
1.416406475562236444e+01
8.568480507774228982e+00
3.699743305746009181e+00
1.643326795623218040e+00
1.243358506681381037e+00
1.204658300026427487e+00
1.040745051477758532e+00
7.452489963079609314e-01
2.847232766458890896e-01
4.973910855847271106e-01
3.505229601570873932e+00
6.259592713374141582e+00
5.434747279877887749e+00
4.713030929178470885e+00
4.765117455487365206e+00
4.317419126659784112e+00
3.163725946800673761e+00
1.482900624635064446e+00
4.889609238483175191e-01
1.527536311356686993e-01
1.376637410225263480e-02
4.021908675844025963e-03
4.465517239040551686e-03
1.921708976305844807e-01
9.944846864882659343e-01
3.800653251748205452e+00
7.412556994838624291e+00
6.568025557615995602e+00
2.577307326720296832e+00
1.539347702625520009e+00
9.001683182496053703e+00
1.436270675743624992e+01
1.264546806940685286e+01
1.025279571037011017e+01
8.472700145064388622e+00
7.630090386050232709e+00
6.538597664270147547e+00
6.301213072895836653e+00
5.184533313422346801e+00
2.803091108237727447e+00
7.118028058448284678e-01
9.997057789973537445e-02
1.158791377278602444e-02
4.415559460593966937e-03
2.763343582055684602e-03
4.294818614849666566e-03
4.450742136164476115e-03
2.583597980186657095e-01
5.386754952000671892e-01
4.906005509119267249e-01
3.502839939695811533e-01
2.817402665865272882e-01
3.615645431134247856e-01
2.195172848675045252e+00
4.025006313800449931e+00
3.314359731153463606e+00
2.448861239216693519e+00
2.273773425416452554e+00
1.759548012107204018e+00
1.531728031770339005e+00
1.903751285066566989e+00
1.056874305068426612e+00
5.295937982243021924e-01
8.691849932232640352e-01
5.119356034461259863e-01
1.697989692989838317e-01
1.186996870418745645e-02
1.525397225931196662e-03
1.722401739310895630e-03
9.443516308214702131e-04
6.674896493413487626e-04
9.132084284108347907e-04
1.584320305119648253e-03
1.694668979580512278e-03
4.765552548388729548e-03
9.587670480764831984e-03
1.449607905610758429e+01
2.851976191078690093e+01
4.401321266515789432e+01
4.105439432243063891e+01
2.262208864555821108e+01
1.965367953460568629e+01
1.365043312686608168e+01
9.981318115380602762e+00
9.559384116137875864e+00
1.100543188266868988e+01
1.150637593723861407e+01
1.071346807627264752e+01
9.609834921634492488e+00
8.767926608166826341e+00
1.028163454347059158e+01
1.542443175932463006e+01
1.595897723926772294e+01
1.308894748711493072e+01
1.330204302274293582e+01
1.303416672967609280e+01
1.204485747200936707e+01
1.064630155835072145e+01
7.034682948404761049e+00
2.818717384415309279e+00
1.403119495938399020e+00
3.239002123515208886e+00
4.446199708307181808e+00
2.923273540179418983e+00
1.083541790137979577e+00
2.301926414212826233e-01
2.473274028832420424e+00
4.550846377951039301e+00
4.710556275906698787e+00
5.473394764159855264e+00
6.060766524248081488e+00
6.036587692593057497e+00
6.061888079002824448e+00
6.745818033672398073e+00
6.570219990494784668e+00
5.949990095255023093e+00
5.374555849971482502e+00
4.777020444229194140e+00
4.277448963812609861e+00
3.533139747810446707e+00
3.214498645026625301e+00
3.275289210426289621e+00
4.559592863448832745e+00
5.970148463094930413e+00
5.499681847985756988e+00
4.480353657837230053e+00
3.828367855260753849e+00
3.271602564525478041e+00
3.229439040964175334e+00
3.780714753252661264e+00
4.721983599224439665e+00
5.643062862393215084e+00
5.265708530622136507e+00
4.042379777104092575e+00
3.154007095986469000e+00
2.512013706703232430e+00
2.224934713922583462e+00
2.192139837219001741e+00
2.092132424961820725e+00
1.806380369752712545e+00
1.598028805126946228e+00
1.563476906236368702e+00
1.499584091111236361e+00
1.276108679895151088e+00
1.088118264465697926e+00
9.900557049826360645e-01
9.076591830741815858e-01
8.093207723461900427e-01
8.214131422326532705e-01
7.618255837207308367e-01
6.291461176568271529e-01
6.645528077067739403e-01
6.832180173245279153e-01
5.578725490455367364e-01
2.868945186218461174e-01
9.631276012875723824e-02
3.324285265761289798e-02
1.939901388910171207e-02
1.308000944240159981e-02
1.042063813245504289e-02
9.301405935211153747e-03
1.026712807307570037e-02
1.158675982586096671e-02
1.210269613304613447e-02
