0.000000000000000000e+00
2.183583203536689155e+02
2.189144150550783365e+02
2.200291736355549403e+02
2.168902238300711929e+02
2.167346167789994809e+02
1.992673455029650427e+02
1.898968687658705505e+02
1.892311613993372532e+02
2.264633661729775440e+02
2.379707339462291031e+02
2.421984019346807031e+02
2.501982870613641126e+02
2.537708941590923644e+02
2.557229297011850520e+02
2.591185973764996788e+02
2.651052485769774876e+02
2.725852888170553001e+02
2.736037095101773957e+02
2.779057068949401810e+02
2.898683472888079109e+02
2.889580217609589567e+02
2.743041815192694344e+02
0.000000000000000000e+00
0.000000000000000000e+00
0.000000000000000000e+00
2.456305589023808977e+02
2.424171556724475352e+02
2.343380208737129351e+02
2.276761159217496697e+02
2.228858770426745650e+02
2.196822481411800254e+02
2.171344817267399492e+02
2.145432784628795844e+02
2.103443689384061770e+02
2.022274783134679410e+02
4.124680045600120479e+02
4.849298968283341082e+02
0.000000000000000000e+00
0.000000000000000000e+00
0.000000000000000000e+00
0.000000000000000000e+00
0.000000000000000000e+00
2.258454408968252096e+02
2.310156018917621736e+02
2.311920088175137380e+02
2.315827620606959556e+02
2.383920337919958570e+02
2.420214895419670142e+02
2.431410154127950705e+02
2.461314743710388484e+02
2.505163010286827614e+02
2.575492775307258739e+02
2.580260099782173029e+02
2.588422800782919921e+02
2.603720989362971636e+02
2.636215271567271543e+02
2.654681645498263265e+02
2.656347179530559970e+02
2.663102263528908225e+02
2.662569534202824002e+02
2.661262115092773684e+02
2.660693955616234803e+02
2.608196219829579263e+02
2.509976034653143415e+02
0.000000000000000000e+00
0.000000000000000000e+00
0.000000000000000000e+00
0.000000000000000000e+00
0.000000000000000000e+00
0.000000000000000000e+00
0.000000000000000000e+00
0.000000000000000000e+00
2.451716259681578549e+02
2.336397578657887948e+02
2.290652044883846656e+02
2.299685062594112992e+02
2.313737819842170893e+02
2.357079916962243544e+02
0.000000000000000000e+00
0.000000000000000000e+00
0.000000000000000000e+00
0.000000000000000000e+00
0.000000000000000000e+00
0.000000000000000000e+00
0.000000000000000000e+00
0.000000000000000000e+00
0.000000000000000000e+00
0.000000000000000000e+00
0.000000000000000000e+00
0.000000000000000000e+00
0.000000000000000000e+00
0.000000000000000000e+00
0.000000000000000000e+00
0.000000000000000000e+00
0.000000000000000000e+00
0.000000000000000000e+00
0.000000000000000000e+00
0.000000000000000000e+00
0.000000000000000000e+00
2.503324140674650664e+02
2.329628238474403759e+02
2.150845936511331331e+02
2.174552907630006473e+02
2.147844980949795399e+02
2.189433880028103090e+02
2.102881561690245178e+02
2.101780026355796451e+02
2.071654697598759469e+02
0.000000000000000000e+00
0.000000000000000000e+00
0.000000000000000000e+00
0.000000000000000000e+00
0.000000000000000000e+00
2.611542083075264600e+02
2.545602078311476646e+02
2.539418893377545032e+02
2.579480984659629144e+02
2.599918753684724493e+02
2.601108581672713740e+02
2.600427969762536691e+02
0.000000000000000000e+00
0.000000000000000000e+00
0.000000000000000000e+00
0.000000000000000000e+00
2.460082969947482354e+02
2.360648046690360786e+02
2.330375528254776043e+02
2.362938118426413325e+02
2.377418280211861656e+02
2.405817748810201806e+02
0.000000000000000000e+00
0.000000000000000000e+00
0.000000000000000000e+00
0.000000000000000000e+00
0.000000000000000000e+00
0.000000000000000000e+00
0.000000000000000000e+00
0.000000000000000000e+00
0.000000000000000000e+00
0.000000000000000000e+00
0.000000000000000000e+00
0.000000000000000000e+00
0.000000000000000000e+00
0.000000000000000000e+00
0.000000000000000000e+00
2.326764452901686866e+02
2.174174215706837856e+02
2.137088057683038471e+02
2.090659746053225092e+02
1.970687445921222718e+02
0.000000000000000000e+00
0.000000000000000000e+00
0.000000000000000000e+00
0.000000000000000000e+00
2.094758551641381246e+02
2.024201236569035700e+02
1.984793461874132561e+02
1.908373108271591718e+02
1.939805372973706028e+02
2.006911834912038728e+02
1.969806847335710245e+02
1.949302897195067032e+02
1.939738100250789614e+02
1.904277069096148693e+02
1.934295051375238756e+02
1.935978867095034275e+02
1.928311349303777718e+02
0.000000000000000000e+00
0.000000000000000000e+00
0.000000000000000000e+00
0.000000000000000000e+00
2.129254001255160631e+02
2.060240654732384371e+02
2.074546883745602770e+02
2.079364724444346564e+02
2.068430271243516074e+02
2.098153426165830524e+02
2.151429771549475163e+02
0.000000000000000000e+00
0.000000000000000000e+00
0.000000000000000000e+00
0.000000000000000000e+00
0.000000000000000000e+00
0.000000000000000000e+00
0.000000000000000000e+00
0.000000000000000000e+00
0.000000000000000000e+00
0.000000000000000000e+00
0.000000000000000000e+00
0.000000000000000000e+00
0.000000000000000000e+00
0.000000000000000000e+00
0.000000000000000000e+00
0.000000000000000000e+00
0.000000000000000000e+00
0.000000000000000000e+00
0.000000000000000000e+00
0.000000000000000000e+00
0.000000000000000000e+00
0.000000000000000000e+00
2.227007816613237878e+02
2.224112368967983002e+02
2.227863842680284563e+02
2.203661366100851069e+02
2.157424772997795515e+02
2.098950292517765774e+02
2.092748243161412063e+02
2.042598920064031063e+02
2.090603307628853713e+02
2.072988294792496902e+02
2.072744145604806363e+02
2.005364226656186872e+02
1.970970892076479117e+02
1.970142292574853684e+02
1.983547822671412746e+02
1.997006684058468977e+02
2.022147327446431291e+02
2.050252720569718008e+02
2.139463272845448785e+02
2.177326360612114797e+02
2.170717253922246073e+02
2.152167749577142786e+02
2.111803046252912850e+02
2.087046813998663026e+02
2.063782971261538819e+02
2.014943788174230122e+02
1.971809206515849269e+02
0.000000000000000000e+00
0.000000000000000000e+00
2.046187024933385032e+02
2.077103013429829446e+02
2.015878029258259119e+02
1.946148319755738783e+02
1.927388954339497502e+02
1.941400051738663137e+02
1.977884355834016503e+02
1.994705404562242279e+02
0.000000000000000000e+00
0.000000000000000000e+00
2.406509337667477268e+02
2.484608676751197152e+02
0.000000000000000000e+00
0.000000000000000000e+00
0.000000000000000000e+00
0.000000000000000000e+00
0.000000000000000000e+00
0.000000000000000000e+00
0.000000000000000000e+00
0.000000000000000000e+00
0.000000000000000000e+00
2.161092337703894941e+02
2.181485319260627023e+02
2.234590411187713244e+02
2.231287354719206348e+02
2.223748303728824567e+02
2.212790431797538133e+02
2.202740349914218143e+02
2.199264317116610243e+02
1.886374284162784249e+02
0.000000000000000000e+00
2.307971744812251131e+02
2.122277834700647077e+02
2.014318790961653747e+02
1.941747553669031277e+02
0.000000000000000000e+00
0.000000000000000000e+00
0.000000000000000000e+00
0.000000000000000000e+00
0.000000000000000000e+00
0.000000000000000000e+00
0.000000000000000000e+00
0.000000000000000000e+00
0.000000000000000000e+00
2.163096482598096770e+02
2.078037393993208468e+02
2.039334958101971154e+02
2.039998743343838044e+02
2.051382460419293636e+02
2.064300423124959423e+02
2.086238169342162792e+02
0.000000000000000000e+00
0.000000000000000000e+00
0.000000000000000000e+00
0.000000000000000000e+00
0.000000000000000000e+00
0.000000000000000000e+00
0.000000000000000000e+00
0.000000000000000000e+00
0.000000000000000000e+00
0.000000000000000000e+00
0.000000000000000000e+00
0.000000000000000000e+00
0.000000000000000000e+00
0.000000000000000000e+00
0.000000000000000000e+00
0.000000000000000000e+00
0.000000000000000000e+00
0.000000000000000000e+00
0.000000000000000000e+00
0.000000000000000000e+00
0.000000000000000000e+00
0.000000000000000000e+00
2.317983042528298370e+02
2.010738365168461712e+02
1.991383136872632065e+02
2.481784168133025901e+02
2.402594358962724925e+02
2.345462935211864135e+02
2.347725926835068719e+02
2.339945464143528397e+02
2.326134629153548303e+02
2.333732057694776643e+02
2.309956405715436176e+02
2.283589366116420649e+02
2.238469261727195772e+02
2.342174781329038638e+02
2.366633113937567430e+02
2.361904955610860668e+02
0.000000000000000000e+00
0.000000000000000000e+00
0.000000000000000000e+00
0.000000000000000000e+00
2.817146492439861731e+02
2.641669599306923715e+02
2.581790152524156383e+02
2.552274604725413099e+02
2.528626603738951815e+02
2.523717739855476339e+02
2.514748495347606934e+02
2.499088876251792328e+02
2.454234760949070733e+02
2.524102790951295390e+02
2.622738066222723319e+02
2.572137974806771012e+02
2.524298844278838203e+02
2.510329717296496597e+02
2.490379709057351931e+02
2.478624818087878623e+02
2.435879333884595610e+02
2.355830346867383298e+02
2.202554457137085819e+02
2.310187647724674207e+02
2.494888471616583274e+02
2.440420037341823445e+02
2.427178534609700193e+02
2.428682655164137145e+02
2.415523184468136151e+02
2.364304414603389546e+02
2.290592739785853951e+02
2.209034779340240107e+02
2.167686017594352563e+02
2.117511056393295803e+02
1.047408629634006729e+02
1.070309329496165702e+02
1.064902410072791383e+02
1.106085977123727986e+02
7.960880494438529809e+01
0.000000000000000000e+00
0.000000000000000000e+00
0.000000000000000000e+00
0.000000000000000000e+00
0.000000000000000000e+00
0.000000000000000000e+00
0.000000000000000000e+00
2.162922830390676552e+02
2.109206986081981086e+02
2.117934707036787074e+02
2.075033177144829324e+02
2.052077225757099370e+02
2.055054575506424328e+02
2.045273347153021462e+02
2.049045348387018919e+02
2.058738633966720784e+02
2.085778246093561279e+02
2.093585386418173186e+02
2.096901707560844557e+02
2.138717201618227364e+02
2.163678469268006950e+02
2.162740811125975426e+02
2.124106857535394113e+02
2.099117776025001945e+02
2.075616481235768163e+02
2.045949811738537107e+02
2.026193806308208423e+02
1.974832508456516109e+02
1.968972461057666692e+02
1.955744163359189542e+02
1.920957822560005468e+02
1.957556180258453367e+02
1.937081998160542469e+02
1.946344329597816625e+02
2.002579584957231305e+02
2.010347290374680824e+02
2.064503434834653888e+02
0.000000000000000000e+00
0.000000000000000000e+00
0.000000000000000000e+00
0.000000000000000000e+00
0.000000000000000000e+00
0.000000000000000000e+00
0.000000000000000000e+00
0.000000000000000000e+00
0.000000000000000000e+00
0.000000000000000000e+00
0.000000000000000000e+00
0.000000000000000000e+00
0.000000000000000000e+00
0.000000000000000000e+00
0.000000000000000000e+00
0.000000000000000000e+00
0.000000000000000000e+00
0.000000000000000000e+00
0.000000000000000000e+00
0.000000000000000000e+00
0.000000000000000000e+00
0.000000000000000000e+00
0.000000000000000000e+00
0.000000000000000000e+00
2.497867168533413746e+02
2.432891425273519701e+02
2.366956197490311524e+02
2.316009981949923429e+02
2.300800484642176968e+02
2.280005324188104794e+02
2.274453726812586467e+02
2.273389182198184528e+02
2.289728772686240745e+02
2.324529268826953796e+02
2.352409647636281420e+02
2.416829373927249947e+02
2.473831577135165105e+02
2.578006853823431470e+02
2.678818995136338117e+02
2.735768012311648931e+02
2.766869165471011911e+02
2.702078043506389804e+02
2.640355160745584726e+02
2.544455545806266343e+02
2.439813988469715014e+02
2.322818388073746689e+02
2.250332016491364584e+02
2.181337690617800718e+02
2.132869086089863515e+02
2.127731490417924931e+02
2.099779961019601160e+02
2.083120104009487363e+02
2.084084862080746916e+02
2.054457576867739306e+02
2.073088924185463213e+02
2.076967935931565421e+02
2.097659166220311420e+02
2.104523689848661263e+02
2.122956570552409801e+02
2.175479483139887122e+02
2.268100805460845493e+02
2.274318726371910770e+02
2.559525928304216222e+02
0.000000000000000000e+00
2.709494734808609451e+02
2.728789268145475830e+02
2.647475122474926934e+02
2.611986634107948930e+02
2.604133918131925611e+02
2.616932506251106361e+02
2.628078877340935264e+02
2.624830948379804454e+02
0.000000000000000000e+00
0.000000000000000000e+00
0.000000000000000000e+00
0.000000000000000000e+00
0.000000000000000000e+00
0.000000000000000000e+00
2.245774498398366177e+02
2.178683281399790417e+02
2.167551886146953279e+02
2.187768765346196744e+02
2.210762941114488171e+02
2.280861085939494899e+02
0.000000000000000000e+00
0.000000000000000000e+00
0.000000000000000000e+00
0.000000000000000000e+00
0.000000000000000000e+00
0.000000000000000000e+00
0.000000000000000000e+00
0.000000000000000000e+00
0.000000000000000000e+00
0.000000000000000000e+00
0.000000000000000000e+00
0.000000000000000000e+00
0.000000000000000000e+00
0.000000000000000000e+00
0.000000000000000000e+00
0.000000000000000000e+00
0.000000000000000000e+00
0.000000000000000000e+00
0.000000000000000000e+00
0.000000000000000000e+00
0.000000000000000000e+00
0.000000000000000000e+00
0.000000000000000000e+00
0.000000000000000000e+00
0.000000000000000000e+00
2.250679658160166809e+02
2.088942379194562591e+02
2.037677968624936113e+02
2.025611150818672286e+02
1.986167734541443792e+02
1.974449267056571102e+02
1.967800756203448316e+02
1.952535640223521796e+02
1.957347830691262800e+02
0.000000000000000000e+00
0.000000000000000000e+00
0.000000000000000000e+00
0.000000000000000000e+00
0.000000000000000000e+00
0.000000000000000000e+00
0.000000000000000000e+00
0.000000000000000000e+00
0.000000000000000000e+00
0.000000000000000000e+00
0.000000000000000000e+00
0.000000000000000000e+00
0.000000000000000000e+00
0.000000000000000000e+00
0.000000000000000000e+00
0.000000000000000000e+00
0.000000000000000000e+00
0.000000000000000000e+00
0.000000000000000000e+00
0.000000000000000000e+00
2.374334786992935165e+02
2.305634500134021891e+02
2.251650807944029395e+02
2.252636705008324896e+02
2.233722863391620876e+02
2.001964671348706872e+02
2.018890277481551720e+02
0.000000000000000000e+00
2.308129243353230606e+02
2.346110560124911615e+02
2.195142956826096849e+02
2.149461623250388413e+02
2.111158051114965701e+02
2.101608587122715619e+02
2.107088915476526552e+02
2.038956766901163462e+02
0.000000000000000000e+00
2.236582190333372751e+02
2.193644735702508228e+02
2.182146436032694794e+02
2.154736018058068794e+02
2.154074520774980215e+02
2.184593130103157819e+02
2.231213281314645087e+02
2.266320640109430826e+02
2.301958869612832643e+02
2.317603640818811357e+02
2.337763631177689660e+02
2.351620950291693362e+02
2.369456262689904804e+02
2.379639128001939525e+02
2.385308762526287865e+02
2.382794120733829857e+02
2.379073329796472649e+02
2.405703268254943623e+02
2.410273639911281123e+02
2.397211048397946058e+02
2.411592402145760730e+02
2.337684702355701631e+02
0.000000000000000000e+00
0.000000000000000000e+00
0.000000000000000000e+00
0.000000000000000000e+00
0.000000000000000000e+00
0.000000000000000000e+00
2.322378402134012276e+02
2.274452450872472014e+02
2.177058626113191337e+02
2.119667748895991508e+02
2.060402061594412544e+02
2.026862747992912830e+02
2.019513964038290794e+02
2.009339183544938976e+02
1.985638115046489531e+02
1.973609428940266355e+02
1.968148943791397869e+02
1.994465787106367145e+02
2.009043744065169221e+02
2.030816219361468029e+02
0.000000000000000000e+00
0.000000000000000000e+00
0.000000000000000000e+00
0.000000000000000000e+00
0.000000000000000000e+00
0.000000000000000000e+00
0.000000000000000000e+00
0.000000000000000000e+00
0.000000000000000000e+00
0.000000000000000000e+00
0.000000000000000000e+00
0.000000000000000000e+00
0.000000000000000000e+00
0.000000000000000000e+00
0.000000000000000000e+00
0.000000000000000000e+00
0.000000000000000000e+00
0.000000000000000000e+00
0.000000000000000000e+00
0.000000000000000000e+00
0.000000000000000000e+00
2.463479610375902951e+02
2.186480731854959458e+02
1.944556539604986654e+02
2.372795026275533701e+02
2.349518214375235061e+02
2.303443769372039753e+02
2.312091521823576272e+02
2.309726120148428947e+02
2.315275106931764810e+02
2.462605513839386049e+02
2.420347776745010151e+02
2.352376705258904508e+02
2.375013572766926018e+02
2.429417706950962383e+02
2.445123777126483446e+02
0.000000000000000000e+00
0.000000000000000000e+00
2.631938587215470307e+02
2.441313352767623144e+02
2.357560174496303773e+02
2.310562865188547903e+02
2.075633149123719363e+02
0.000000000000000000e+00
0.000000000000000000e+00
0.000000000000000000e+00
0.000000000000000000e+00
0.000000000000000000e+00
2.579542061197288945e+02
2.482176856044899580e+02
2.406227844579628936e+02
2.442775043898396348e+02
2.495905017384084772e+02
2.494487867236271939e+02
0.000000000000000000e+00
0.000000000000000000e+00
0.000000000000000000e+00
0.000000000000000000e+00
0.000000000000000000e+00
0.000000000000000000e+00
2.485716381994116659e+02
2.365785250742790140e+02
0.000000000000000000e+00
0.000000000000000000e+00
0.000000000000000000e+00
3.454930327058209514e+02
0.000000000000000000e+00
0.000000000000000000e+00
0.000000000000000000e+00
0.000000000000000000e+00
0.000000000000000000e+00
0.000000000000000000e+00
0.000000000000000000e+00
2.124511961305863110e+02
2.107227182150124918e+02
2.088538508753977396e+02
2.078514928549039951e+02
2.055399206426938861e+02
2.099574124865623332e+02
2.070910019709473602e+02
2.058161424234917263e+02
2.067024469162430478e+02
2.060543349039176064e+02
1.993403832918942555e+02
0.000000000000000000e+00
0.000000000000000000e+00
0.000000000000000000e+00
2.094223297319146866e+02
2.060163146303257804e+02
2.026452349634796519e+02
2.007893837875535894e+02
1.998678791167880320e+02
1.987564550706016746e+02
1.964058873649261727e+02
1.959328228726456587e+02
1.966233911632195657e+02
1.951516450736680781e+02
1.944136362488480927e+02
1.953302732773281605e+02
1.939171418834648364e+02
1.935742463305826675e+02
1.931613025362648841e+02
1.938550811670261282e+02
1.928084909972554044e+02
1.938287544862901086e+02
1.933814379432926955e+02
1.984725453956722276e+02
2.037376447713993173e+02
2.087393080671454300e+02
2.160794221414814729e+02
2.219860213968265441e+02
0.000000000000000000e+00
0.000000000000000000e+00
0.000000000000000000e+00
0.000000000000000000e+00
