0.000000000000000000e+00
0.000000000000000000e+00
0.000000000000000000e+00
0.000000000000000000e+00
0.000000000000000000e+00
0.000000000000000000e+00
1.159652115037199138e+02
1.115019545467712589e+02
1.090292393661885768e+02
1.121103280962197033e+02
1.112219080122473258e+02
0.000000000000000000e+00
1.465830115516099283e+02
1.584815481776656725e+02
1.684065990249740423e+02
1.798874030741412469e+02
1.832289061465998543e+02
1.798422535269209845e+02
1.712832923423335103e+02
1.637480345323480151e+02
1.620148599704333208e+02
1.641739506258558379e+02
1.632331229836364059e+02
1.687089932520183879e+02
1.687345965759631383e+02
1.634598967474201174e+02
1.460251710880376947e+02
1.443567386988002852e+02
1.383872099450292126e+02
1.352781885898378391e+02
1.341654946700991786e+02
1.336101434245723567e+02
1.313042622461883866e+02
1.309320590209495663e+02
1.338008634592034127e+02
1.344791158204866974e+02
1.342699156410825481e+02
1.349821214726432288e+02
1.287342423047776663e+02
1.255894683826834921e+02
1.223726895463436790e+02
1.173380696252600188e+02
1.125167549479064064e+02
1.109778777810203536e+02
1.098450381511452321e+02
1.074658565695722103e+02
1.053407375817131282e+02
1.059592973352224448e+02
1.058279823413723335e+02
1.066607007444280981e+02
1.056329388915094398e+02
0.000000000000000000e+00
0.000000000000000000e+00
0.000000000000000000e+00
1.111319813290317313e+02
1.073914491478939084e+02
1.047615894437235227e+02
0.000000000000000000e+00
0.000000000000000000e+00
0.000000000000000000e+00
0.000000000000000000e+00
0.000000000000000000e+00
0.000000000000000000e+00
0.000000000000000000e+00
0.000000000000000000e+00
0.000000000000000000e+00
0.000000000000000000e+00
0.000000000000000000e+00
0.000000000000000000e+00
0.000000000000000000e+00
0.000000000000000000e+00
0.000000000000000000e+00
0.000000000000000000e+00
0.000000000000000000e+00
0.000000000000000000e+00
0.000000000000000000e+00
0.000000000000000000e+00
0.000000000000000000e+00
0.000000000000000000e+00
0.000000000000000000e+00
0.000000000000000000e+00
0.000000000000000000e+00
0.000000000000000000e+00
1.236472662305941412e+02
1.212389283197176155e+02
1.156056760834895982e+02
1.229727283221820215e+02
1.326681525914587496e+02
1.384416097843660225e+02
1.414916407655330488e+02
1.400814938969608363e+02
1.390837107610007024e+02
1.382539345157452146e+02
1.368972669930258803e+02
0.000000000000000000e+00
1.900486189146357958e+02
1.890719593790787485e+02
1.912209098125015316e+02
1.930827560162325369e+02
1.920914595116502710e+02
1.783829614412869375e+02
1.649210143393356987e+02
0.000000000000000000e+00
0.000000000000000000e+00
0.000000000000000000e+00
1.549466760679352717e+02
1.792334891539335047e+02
1.591727589331441948e+02
1.659567082351227612e+02
1.582356870451852728e+02
1.563256370353124680e+02
0.000000000000000000e+00
0.000000000000000000e+00
0.000000000000000000e+00
0.000000000000000000e+00
0.000000000000000000e+00
1.385943923723016837e+02
1.237583569226973736e+02
1.182379899493136151e+02
1.140239123630720002e+02
1.123693076148593661e+02
1.121866019862779495e+02
1.089992687980384289e+02
0.000000000000000000e+00
0.000000000000000000e+00
0.000000000000000000e+00
1.259498954303460039e+02
1.238200652504844044e+02
1.115723209218473500e+02
1.085527782112859541e+02
1.050280614823956711e+02
1.102463151873763110e+02
1.101278883407581191e+02
1.093714896592926493e+02
1.074342418540511375e+02
1.062618056015062962e+02
1.059351634316045931e+02
1.060320590189832757e+02
1.057501843267621666e+02
0.000000000000000000e+00
0.000000000000000000e+00
0.000000000000000000e+00
1.190900558032987675e+02
1.110319832715679098e+02
1.094714126649876675e+02
1.052251793133248867e+02
1.022858570614832843e+02
1.056234992095608902e+02
0.000000000000000000e+00
0.000000000000000000e+00
0.000000000000000000e+00
0.000000000000000000e+00
0.000000000000000000e+00
0.000000000000000000e+00
0.000000000000000000e+00
0.000000000000000000e+00
0.000000000000000000e+00
0.000000000000000000e+00
0.000000000000000000e+00
0.000000000000000000e+00
0.000000000000000000e+00
0.000000000000000000e+00
0.000000000000000000e+00
0.000000000000000000e+00
0.000000000000000000e+00
0.000000000000000000e+00
0.000000000000000000e+00
0.000000000000000000e+00
0.000000000000000000e+00
0.000000000000000000e+00
0.000000000000000000e+00
0.000000000000000000e+00
1.232960784260147449e+02
1.215684918600433662e+02
1.260276253493706093e+02
1.316663114732750159e+02
1.227381464919423451e+02
1.170705764851836221e+02
1.059802047742556397e+02
1.126028067860116835e+02
1.110833050059851104e+02
1.207810327298155073e+02
1.232219041384762050e+02
1.257964558535056199e+02
1.311479257266322804e+02
1.340185448426453831e+02
1.362306942517967059e+02
1.377505386510835876e+02
1.387391078113521132e+02
1.366206711620767180e+02
1.311382738612248886e+02
1.225248421707591007e+02
1.249088839685547327e+02
0.000000000000000000e+00
1.088685862367685218e+02
1.099619485751823333e+02
1.071646700045938871e+02
1.071168561144941549e+02
0.000000000000000000e+00
0.000000000000000000e+00
0.000000000000000000e+00
0.000000000000000000e+00
0.000000000000000000e+00
0.000000000000000000e+00
0.000000000000000000e+00
0.000000000000000000e+00
0.000000000000000000e+00
0.000000000000000000e+00
0.000000000000000000e+00
0.000000000000000000e+00
0.000000000000000000e+00
0.000000000000000000e+00
0.000000000000000000e+00
0.000000000000000000e+00
0.000000000000000000e+00
0.000000000000000000e+00
0.000000000000000000e+00
0.000000000000000000e+00
0.000000000000000000e+00
0.000000000000000000e+00
0.000000000000000000e+00
0.000000000000000000e+00
0.000000000000000000e+00
0.000000000000000000e+00
1.298665373337431390e+02
1.223705435424982397e+02
1.235896278845711151e+02
1.286190406374672364e+02
1.293514756915186297e+02
1.294633783835053009e+02
1.279578192206990792e+02
1.299101079023682246e+02
1.303734053215636095e+02
1.491733380422556081e+02
1.499478303131573682e+02
1.468255779908540717e+02
1.414590826467699287e+02
1.406025507054992545e+02
1.417108450805784230e+02
1.347598355731107347e+02
1.339071866620041078e+02
1.322550128549687258e+02
0.000000000000000000e+00
0.000000000000000000e+00
1.552041741620658399e+02
1.238697744196539361e+02
1.218914102561115271e+02
1.078480753799277920e+02
1.040063254263565398e+02
1.009205474387320436e+02
0.000000000000000000e+00
0.000000000000000000e+00
1.194477456538605935e+02
0.000000000000000000e+00
0.000000000000000000e+00
0.000000000000000000e+00
0.000000000000000000e+00
0.000000000000000000e+00
0.000000000000000000e+00
0.000000000000000000e+00
0.000000000000000000e+00
0.000000000000000000e+00
0.000000000000000000e+00
0.000000000000000000e+00
0.000000000000000000e+00
0.000000000000000000e+00
0.000000000000000000e+00
0.000000000000000000e+00
1.356554453424460860e+02
1.240750284312994438e+02
1.235561784376224779e+02
1.219740460324330513e+02
1.211242644769883441e+02
1.188543518170724411e+02
1.190726200226049514e+02
1.208754581623022233e+02
1.220344669231625403e+02
1.211126810676882002e+02
0.000000000000000000e+00
0.000000000000000000e+00
0.000000000000000000e+00
0.000000000000000000e+00
1.416451057859208618e+02
1.320040590556553752e+02
1.318429042020564168e+02
1.343692853281200144e+02
1.364636382447865799e+02
1.352484744361440789e+02
1.366115341199684110e+02
1.517244702521102795e+02
1.612162123720147520e+02
1.646160447637400921e+02
1.642081525762075671e+02
1.629998667045149148e+02
1.651993939306163668e+02
1.673318906777325594e+02
1.662692109042946527e+02
1.641115825419558405e+02
1.627890975666832389e+02
1.674020134844374184e+02
1.718089767529981202e+02
1.728305644120947306e+02
1.733894505965878352e+02
1.739746220974454332e+02
1.745315161659758019e+02
1.757361203683026361e+02
1.751037591622514924e+02
1.739593580155606389e+02
1.740367070504975118e+02
1.719533864925236060e+02
1.675095855762711778e+02
1.647525506356999756e+02
1.601806174252294568e+02
1.514586338821376614e+02
1.408749623775925102e+02
1.286790788465397384e+02
1.220701212541508340e+02
1.210502703644718849e+02
1.204164318010758024e+02
1.193349745007880642e+02
1.186865861234842470e+02
1.188513058328451706e+02
1.186805850412428924e+02
1.174674092823641018e+02
1.165996947994364490e+02
1.143239637735822640e+02
1.135720311463941812e+02
1.120421524294286257e+02
1.086524501881029181e+02
1.062228307372723606e+02
1.064233966710457082e+02
1.042051525344064089e+02
1.049020387559958039e+02
1.032758616198949966e+02
1.031224965763615984e+02
1.041483306090289318e+02
0.000000000000000000e+00
0.000000000000000000e+00
0.000000000000000000e+00
0.000000000000000000e+00
0.000000000000000000e+00
0.000000000000000000e+00
0.000000000000000000e+00
0.000000000000000000e+00
0.000000000000000000e+00
0.000000000000000000e+00
0.000000000000000000e+00
0.000000000000000000e+00
0.000000000000000000e+00
0.000000000000000000e+00
0.000000000000000000e+00
0.000000000000000000e+00
0.000000000000000000e+00
0.000000000000000000e+00
0.000000000000000000e+00
0.000000000000000000e+00
0.000000000000000000e+00
0.000000000000000000e+00
0.000000000000000000e+00
0.000000000000000000e+00
0.000000000000000000e+00
0.000000000000000000e+00
0.000000000000000000e+00
0.000000000000000000e+00
0.000000000000000000e+00
0.000000000000000000e+00
0.000000000000000000e+00
0.000000000000000000e+00
0.000000000000000000e+00
0.000000000000000000e+00
1.554753958150900530e+02
1.286689472880840697e+02
1.256453328607361897e+02
1.345430677123592886e+02
1.319711446734806941e+02
1.337463182260158305e+02
1.431674334556115866e+02
1.577800423260158595e+02
1.645526024815833637e+02
1.678017843075276403e+02
1.683130616967654021e+02
1.672043832570331858e+02
1.646761644022630264e+02
1.613008263193911489e+02
1.539584823062459122e+02
1.487438773939681482e+02
1.490387508300256343e+02
1.492186394490325938e+02
1.493317074452239979e+02
1.524831313649010269e+02
1.542288649101865587e+02
1.623004097612808323e+02
1.640002388025256153e+02
1.689959814107450597e+02
1.732626905953258358e+02
1.757541714095765144e+02
1.794496490882658861e+02
1.828562571108646750e+02
1.735601285044698159e+02
1.952142568230533186e+02
1.961973511895007221e+02
2.057090264921117750e+02
2.107421599824739928e+02
2.105124196912030925e+02
2.067888245889662358e+02
2.020899572455255395e+02
1.956233152819475265e+02
1.903570469645451340e+02
1.834355613060031658e+02
1.806234398104249976e+02
1.755037015224095853e+02
1.707620573342582588e+02
1.559128028520947566e+02
1.398626466703859990e+02
1.294906448913643828e+02
1.204324372985071676e+02
1.165182557297683275e+02
1.546768044066009509e+02
0.000000000000000000e+00
0.000000000000000000e+00
0.000000000000000000e+00
0.000000000000000000e+00
0.000000000000000000e+00
0.000000000000000000e+00
0.000000000000000000e+00
0.000000000000000000e+00
0.000000000000000000e+00
0.000000000000000000e+00
0.000000000000000000e+00
0.000000000000000000e+00
0.000000000000000000e+00
0.000000000000000000e+00
0.000000000000000000e+00
0.000000000000000000e+00
0.000000000000000000e+00
0.000000000000000000e+00
0.000000000000000000e+00
0.000000000000000000e+00
0.000000000000000000e+00
0.000000000000000000e+00
0.000000000000000000e+00
0.000000000000000000e+00
0.000000000000000000e+00
0.000000000000000000e+00
0.000000000000000000e+00
0.000000000000000000e+00
0.000000000000000000e+00
1.711897690802280181e+02
1.667534745464565731e+02
1.627333075285505970e+02
1.615924176612506358e+02
1.594485146389721422e+02
1.616805891082699986e+02
1.602643913931553072e+02
1.607059155147231593e+02
1.609428585907071181e+02
1.714501289387152667e+02
1.614749538502718451e+02
0.000000000000000000e+00
0.000000000000000000e+00
0.000000000000000000e+00
0.000000000000000000e+00
0.000000000000000000e+00
0.000000000000000000e+00
0.000000000000000000e+00
0.000000000000000000e+00
0.000000000000000000e+00
0.000000000000000000e+00
0.000000000000000000e+00
0.000000000000000000e+00
0.000000000000000000e+00
0.000000000000000000e+00
0.000000000000000000e+00
0.000000000000000000e+00
0.000000000000000000e+00
0.000000000000000000e+00
0.000000000000000000e+00
0.000000000000000000e+00
0.000000000000000000e+00
0.000000000000000000e+00
0.000000000000000000e+00
0.000000000000000000e+00
0.000000000000000000e+00
0.000000000000000000e+00
0.000000000000000000e+00
0.000000000000000000e+00
0.000000000000000000e+00
0.000000000000000000e+00
1.312903471858215596e+02
1.117406335297198581e+02
1.081560547839701485e+02
1.072119216229993555e+02
1.054353866595934477e+02
1.067383917300717968e+02
1.106013270742800501e+02
1.157829586091434777e+02
1.204014018965403778e+02
1.185658239081628409e+02
1.179589060812711807e+02
1.168895936931113084e+02
1.103361716853657271e+02
1.219415602727921168e+02
1.339707713198161798e+02
1.344066210751111328e+02
1.326886955690793286e+02
1.323896586561641868e+02
1.339917146998447777e+02
1.369036550569723261e+02
1.398792759580884990e+02
1.408490907685581703e+02
1.396662383456375380e+02
1.351525559807822958e+02
1.398810572002875006e+02
1.407518411019822793e+02
1.443879023509898047e+02
1.406105090194581635e+02
1.376838663777291174e+02
1.331231247827845721e+02
1.311296473682209580e+02
0.000000000000000000e+00
0.000000000000000000e+00
1.318842577349670648e+02
0.000000000000000000e+00
0.000000000000000000e+00
0.000000000000000000e+00
0.000000000000000000e+00
1.393990875243579239e+02
1.342719312104545963e+02
1.279343723520872658e+02
1.230224390541966386e+02
1.179037669438900195e+02
1.082529440566796666e+02
1.079843487026015936e+02
1.029746647392677090e+02
1.010539746862888535e+02
0.000000000000000000e+00
0.000000000000000000e+00
0.000000000000000000e+00
0.000000000000000000e+00
0.000000000000000000e+00
0.000000000000000000e+00
0.000000000000000000e+00
0.000000000000000000e+00
0.000000000000000000e+00
0.000000000000000000e+00
0.000000000000000000e+00
1.465626166852439667e+02
1.196358592412527173e+02
1.203658163724222305e+02
1.330216095023748153e+02
1.199353590493212494e+02
1.225992617411860834e+02
1.146398739486620855e+02
1.160288643204504666e+02
1.310214276957372022e+02
1.476934489877235990e+02
1.490925613137384005e+02
1.405106905444401661e+02
1.398647071964194311e+02
1.333646299487827207e+02
1.302081449142650342e+02
1.232728176618367257e+02
1.216964593573409417e+02
1.193358378614169766e+02
1.194755380512653744e+02
0.000000000000000000e+00
0.000000000000000000e+00
0.000000000000000000e+00
1.663338350981026110e+02
1.599505008897195637e+02
1.576023594863428343e+02
1.598708874942595344e+02
1.496498911320053651e+02
1.518125385201911115e+02
1.606392079317147079e+02
1.655974758578204558e+02
1.603918699955579541e+02
1.405195640120913083e+02
1.342773338323506493e+02
1.302021625064899411e+02
1.256617808541468548e+02
1.210831211839110608e+02
1.172349949063436014e+02
1.090940914297282376e+02
0.000000000000000000e+00
0.000000000000000000e+00
1.154921094298105686e+02
1.109964345585992902e+02
1.065589761369982682e+02
1.036938193163438626e+02
1.049296395870824909e+02
1.038014536676138135e+02
1.036974136321589697e+02
1.053026770089595772e+02
1.028698363532543425e+02
1.029215586910805058e+02
1.013958967204182926e+02
1.015836539068945257e+02
0.000000000000000000e+00
0.000000000000000000e+00
0.000000000000000000e+00
0.000000000000000000e+00
0.000000000000000000e+00
0.000000000000000000e+00
