1.227256563898926518e-02
1.988988193064122542e-02
9.340590437718469807e-02
1.636481507384411449e+00
5.241208784915237118e+00
6.466754398609263710e+00
8.202006661276264765e+00
1.263364812432792839e+01
1.430736768883830834e+01
1.797376885404571922e+01
2.380509661570357594e+01
2.638784133550578304e+01
3.806922453644175874e+01
5.286479452043111138e+01
5.526827518372259362e+01
6.130009124046968338e+01
6.080725600219331284e+01
5.280881913069031697e+01
5.182283360299169317e+01
4.222712513491027408e+01
3.254415736769093570e+01
2.646874544906462035e+01
1.908604323335775987e+01
1.982955417366817485e+01
2.544425593341258818e+01
2.868267825664578297e+01
2.384106286783521256e+01
1.895051138312125616e+01
1.565108690220435861e+01
8.981189209012946151e+00
4.562281925537241101e+00
7.399789424458783849e+00
2.614290686182620149e+01
5.075126704976881342e+01
5.416865588730446746e+01
4.260307481499476268e+01
3.429895611075266970e+01
2.759798883592451091e+01
2.556853004378896799e+01
1.821743248511354096e+01
6.247753698322522808e+00
3.721877002176524396e+00
7.054382297024626602e+00
7.441211515066566307e+00
4.524923181278249551e+00
7.981061034989354930e+00
1.116648309082621715e+01
1.054165277492923281e+01
1.397858802538212153e+01
3.350719194400182488e+01
5.549215778263786802e+01
6.767979833327790118e+01
7.480751834838160619e+01
7.667391249863460700e+01
8.482325214085011567e+01
8.605411368357562196e+01
7.461221681853628240e+01
7.658759103320861072e+01
9.115008092536750439e+01
8.119249410898434860e+01
5.751213786744538226e+01
3.758488435840748565e+01
1.735984846227961143e+01
8.724893811014419853e+00
5.413941071279498196e+00
4.003632569205165304e+00
4.068091223825314628e+00
2.330199514706317920e+00
1.422100327965298394e+00
1.099593022821899968e+00
7.728136286131943589e-01
1.316614414768150443e+00
1.243402061321873475e+00
4.703248164201585091e+00
1.458146737680198157e+01
1.790297864102441139e+01
1.519108787383875203e+01
1.413910935390355661e+01
1.619928640041183243e+01
1.674247374085743800e+01
1.080677707973723045e+01
6.820611032002900309e+00
6.222061887030488236e+00
5.818426063576063179e+00
8.687783891009946302e+00
9.325789552605709076e+00
6.038563641758191380e+00
4.670650454716684941e+00
2.854456924183101485e+00
1.801410328711362308e+00
2.093764679311950871e+00
3.647468708872474430e+00
7.815970491073569448e+00
1.173995826887756699e+01
1.097657383386457575e+01
1.203604364143157035e+01
1.367499249914604853e+01
8.846916465562850718e+00
6.782289759043477417e+00
1.033412408916469438e+01
9.416849249870859140e+00
4.723873332193257113e+00
3.300026062664817683e+00
3.439382020983674515e+00
3.219235635329796175e+00
2.688640312666954024e+00
1.879804366241233593e+00
1.467373639735817692e+00
1.188951607862220872e+00
7.724928579605276902e-01
7.255303566812187910e-01
5.405019330531110278e+00
1.527884550441646283e+01
1.998691367959337484e+01
1.900924547407762333e+01
1.826309369613939282e+01
1.658479305711468399e+01
1.815245940529107216e+01
2.633097605757667736e+01
2.951546592838018768e+01
2.640981621095207643e+01
2.117388339091404603e+01
1.246825474424921154e+01
6.814761537223183119e+00
4.241981255496086511e+00
3.117517294005454076e+00
4.673831327221212639e+00
5.949799038784248317e+00
4.233648084694087821e+00
1.816750934327693745e+00
8.871554447322146375e-01
6.170233946838665773e-01
3.499944884719259797e+00
8.372532595855391335e+00
9.677906130620680614e+00
1.159503488691627204e+01
1.431943227541957597e+01
1.394372855868229522e+01
1.631736594351861669e+01
1.831881705570506824e+01
1.845398838563847121e+01
1.541285732127888686e+01
1.129736584717619863e+01
1.141382433195582813e+01
1.120725326785469100e+01
8.743161657206778514e+00
5.799728457804823378e+00
4.093893143898970521e+00
7.076263363962359776e+00
1.218114729677038710e+01
1.208092160977277452e+01
9.898075333054812575e+00
9.435792119349137863e+00
1.231930796143530671e+01
1.437074764201413046e+01
1.373878262854598198e+01
8.406680723274533307e+00
2.860877405843027077e+00
2.148031035584625936e+00
7.448895135402996637e+00
1.472631381036096343e+01
1.532205196116956003e+01
1.775944120114889557e+01
2.269951936406563320e+01
1.961869181278072816e+01
8.308553134600996870e+00
3.934706938354497918e+00
5.299050767072275292e+00
2.978608394440800833e+00
1.783964394345682436e+00
1.357486387276969353e+00
7.659105488158095554e-01
4.973072604785830908e-01
4.463574049611371386e+00
1.026229864517910784e+01
1.206187976786585736e+01
1.130448251113007530e+01
1.005454557503297863e+01
7.951565529167296198e+00
6.196086331106128497e+00
4.162601514467013430e+00
1.793167005993290264e+00
1.518853586479914419e+00
1.108218265281665449e+00
8.363949756425470561e-01
4.913460205322484953e+00
1.405881624671390639e+01
1.602505989821703025e+01
1.229860016661010924e+01
1.489057382916620043e+01
1.652006917764212091e+01
1.410802221687173841e+01
1.030554069575211429e+01
8.792035596706064382e+00
7.807043416578630435e+00
6.605164115625488108e+00
7.479247635439785213e+00
8.286724852158648957e+00
7.716399284594575469e+00
4.270824773471463054e+00
2.268453602136770275e+00
1.606068574261621862e+00
9.485942316949758091e-01
5.771781467658876341e-01
2.241286207280145937e-01
1.146680233999508303e-01
1.158089334271362042e-01
3.382353995948130798e-01
2.407795023239990062e+00
8.976099487769443996e+00
1.282702550295668864e+01
1.360876416558548208e+01
1.903599388947045412e+01
2.008337533901386962e+01
1.437676439149676355e+01
1.436926375156098956e+01
1.638847369885456473e+01
1.617390723556377807e+01
1.723676870764705171e+01
2.054154749483231512e+01
2.361429204854573527e+01
2.247895245453895186e+01
1.876185935041998221e+01
1.471982505810165875e+01
1.191223414081849086e+01
7.169061431381260618e+00
3.914082921082959743e+00
3.460784195005628394e+00
2.854362586631723708e+00
2.567663147953018754e+00
1.635197952406540534e+00
6.911077003368830685e-01
5.196738902363666757e-01
1.145375988501804221e+00
3.141469932413674115e+00
6.017648814946317870e+00
9.496125151610554482e+00
1.170529231687320859e+01
1.259961056850171524e+01
1.298808903139168436e+01
1.259687960827751851e+01
1.096891669134830671e+01
7.231843614035748935e+00
5.331230943717021553e+00
4.208718263786954239e+00
2.881598292762593161e+00
2.506493135704659814e+00
3.670916255829380859e+00
4.277331750711272917e+00
3.415997929883771267e+00
2.894583020652785610e+00
2.022729411456428039e+00
1.163097664601139059e+00
4.303109942385592301e-01
1.441362063173200203e-01
3.288457955953608819e-02
2.291973482904039947e-02
2.523366790660807810e-02
8.504300559133179394e-02
1.088143735159538550e-01
6.237431777729125076e-02
6.628527095309301453e-02
6.260812261670269108e-02
1.144205244195997534e-01
4.110753001123469974e-01
8.696392634159184620e-01
1.068618236400028954e+00
8.556185576077242061e-01
5.519740066724281302e-01
4.360384515059615995e-01
4.817618927465358580e-01
3.615492710893369321e-01
1.420633710315244991e-01
7.137464746071613131e-02
4.929563171253120712e-02
4.343254661084747226e-02
3.101218296692571236e-02
1.403666473111601226e-02
1.403812518018095201e-02
1.500135615856347179e-02
1.096860146605207510e-02
8.090149874914900549e-03
