122.40 15.08 165.70 3.24 5.09 14.11 1.74 242.27 194.42 0.94 539.76 360.60 48.58
198.80 53.76 484.22 4.34 8.17 18.51 2.20 211.91 186.47 0.84 505.69 416.08 96.59
119.39 29.97 461.87 1.79 4.55 14.88 1.57 253.67 206.37 0.89 603.10 455.83 74.36
121.12 25.36 499.33 5.24 7.66 16.59 2.05 252.20 219.26 1.07 362.15 186.83 68.57
131.80 23.90 201.98 2.89 6.23 14.22 2.13 164.05 136.22 0.95 586.55 318.02 66.52
124.16 25.95 443.04 1.12 5.87 17.16 1.28 308.59 224.44 0.78 712.77 431.48 69.37
131.14 33.90 468.56 5.49 8.75 17.58 1.68 250.33 190.76 0.76 654.20 596.16 79.62
180.03 30.93 311.34 4.22 7.75 17.76 2.36 215.17 173.27 1.00 384.07 174.18 75.45
228.87 43.86 362.28 3.30 6.73 16.53 1.84 222.72 204.80 0.77 687.02 675.15 88.54
202.60 46.59 445.83 3.81 7.56 18.60 2.56 173.89 150.42 0.88 520.69 256.77 91.63
206.55 32.02 310.69 1.89 5.06 13.07 1.95 208.16 197.70 0.79 639.33 513.45 76.65
123.92 56.17 483.36 4.88 7.37 15.53 1.82 229.40 205.75 1.06 492.81 316.77 98.10
197.77 40.52 471.24 4.55 7.98 16.40 2.65 145.10 108.86 1.14 454.17 196.05 85.80
126.50 22.29 397.51 4.80 7.11 15.57 1.99 261.89 212.66 0.86 448.91 177.80 63.11
128.05 27.39 490.14 5.79 8.56 17.53 2.02 214.57 143.52 1.17 420.47 395.13 71.24
113.08 53.40 491.99 2.18 4.61 12.60 1.83 226.51 176.22 1.03 512.57 396.68 96.35
137.59 26.03 210.06 5.38 8.02 17.25 2.56 197.13 172.68 1.15 330.62 132.62 69.47
195.97 37.67 296.41 7.26 10.75 19.33 2.17 227.80 221.56 0.70 540.98 660.49 83.27
145.37 24.90 219.20 3.57 7.62 18.80 1.90 222.58 176.96 0.68 717.35 452.78 67.94
221.99 51.30 476.53 5.17 8.81 18.58 1.66 244.74 233.27 0.69 746.35 490.84 94.96
108.61 18.69 171.62 -0.56 3.24 13.81 1.98 205.33 148.63 0.82 596.54 395.29 57.01
102.53 11.68 136.24 0.41 5.05 16.90 1.86 216.53 171.75 0.71 704.24 489.19 39.73
105.68 12.10 142.03 6.11 8.55 19.05 2.51 234.12 219.54 1.04 277.83 115.08 40.94
118.29 23.59 390.78 4.59 7.26 17.54 2.16 264.13 234.03 1.23 284.25 116.63 66.06
225.65 46.67 483.84 3.61 7.03 17.27 1.58 288.22 236.11 0.95 519.00 346.79 91.69
117.24 23.31 483.27 -0.71 2.68 12.58 1.72 228.50 169.44 0.89 597.15 448.80 65.65
256.31 39.16 469.73 5.15 8.04 15.95 2.18 217.57 178.54 0.71 590.56 169.41 84.62
210.53 31.02 309.91 3.31 6.58 16.73 1.90 232.03 185.02 0.89 542.96 301.65 75.54
158.99 23.46 287.54 10.84 13.20 21.78 1.73 332.34 256.63 0.79 439.40 182.70 65.87
171.36 40.92 485.46 6.80 9.77 19.26 1.97 231.69 226.42 0.83 562.22 434.60 86.13
226.27 40.47 499.61 2.87 6.94 17.81 1.65 207.45 156.86 0.52 1099.45 1142.74 85.76
117.70 34.22 489.50 2.10 5.66 15.64 2.16 213.21 196.62 0.80 532.43 159.95 79.95
205.30 37.98 337.77 3.78 7.48 17.63 1.88 225.61 179.74 0.80 610.50 391.66 83.55
147.83 19.41 215.96 7.72 11.44 22.74 2.21 271.41 244.89 0.90 333.15 141.25 58.31
143.89 18.13 209.78 5.15 7.98 16.80 1.99 274.59 181.11 0.88 415.19 234.88 55.95
123.69 38.74 444.20 8.42 12.08 21.89 2.18 186.43 154.70 0.78 602.37 422.44 84.24
98.28 44.07 491.96 1.96 5.79 16.47 2.05 190.06 190.76 0.92 573.50 358.53 88.70
183.48 29.50 473.71 2.70 5.18 13.91 1.92 234.16 195.79 0.84 549.71 377.67 73.81
105.70 13.37 163.72 -0.25 2.86 11.76 2.00 165.99 149.84 0.96 609.28 381.33 44.40
131.89 39.74 442.13 3.06 6.54 15.61 1.85 226.96 189.83 0.90 547.16 256.04 85.12
222.03 46.46 447.55 0.51 3.96 13.30 2.66 169.16 151.03 0.70 564.98 446.35 91.54
145.71 30.15 235.18 2.07 5.94 15.68 1.58 195.67 149.03 0.63 971.30 888.24 74.56
115.95 21.17 213.94 8.38 11.18 21.48 2.24 258.26 207.27 1.07 333.00 142.94 61.32
102.35 15.27 158.23 8.78 10.52 20.82 2.03 268.03 218.96 0.74 458.80 97.29 49.01
136.71 25.18 210.75 8.23 11.10 20.85 1.89 313.31 283.96 0.66 493.05 147.00 68.33
127.87 15.82 163.94 10.42 12.30 21.60 1.79 328.25 266.55 0.78 413.47 170.27 50.23
133.44 18.00 181.23 10.18 12.63 21.28 1.60 308.99 231.26 0.70 593.59 268.72 55.70
118.63 17.76 337.61 7.65 9.90 18.54 2.19 181.82 221.26 0.85 580.00 388.13 55.23
173.70 30.82 278.33 8.65 11.72 20.93 1.52 277.63 190.17 0.68 718.93 393.92 75.32
134.32 35.48 474.69 6.24 8.51 17.77 2.44 231.50 201.58 0.92 336.94 164.70 81.19
117.50 14.00 158.76 10.81 13.33 21.50 1.75 317.46 237.03 0.83 443.36 346.44 46.00
117.33 17.26 169.44 8.16 10.77 20.32 1.93 251.26 196.82 0.85 496.39 290.02 54.25
118.48 16.55 170.44 15.36 18.13 26.08 1.41 291.65 222.54 0.68 779.50 623.19 52.79
211.12 33.54 306.66 9.51 10.96 19.85 1.92 359.05 306.42 0.77 290.88 118.65 79.26
239.29 45.76 349.96 11.41 14.41 23.32 2.26 259.98 173.99 0.97 319.27 145.76 91.00
232.44 47.64 347.48 7.09 10.20 20.45 2.59 186.03 156.94 0.89 467.00 212.64 92.41
260.52 45.30 377.38 9.89 12.87 23.71 1.87 301.82 246.41 0.75 465.35 224.26 89.66
236.13 52.71 405.48 6.04 10.09 20.88 2.27 208.49 130.28 0.78 532.16 232.55 95.90
225.57 35.22 303.66 13.79 15.59 23.31 2.14 284.89 209.15 0.74 410.92 146.75 80.95
224.53 27.20 310.78 8.85 12.10 21.35 1.69 369.84 296.54 0.63 445.13 191.67 70.99
228.50 45.19 345.98 9.28 12.14 22.47 2.42 246.48 217.48 0.89 332.53 156.58 89.58
137.79 16.73 191.43 10.54 12.82 22.04 1.77 311.32 253.14 0.89 420.92 232.73 53.17
108.19 9.28 143.86 7.67 10.01 19.06 2.16 230.98 132.20 0.89 449.86 229.65 30.75
129.61 19.33 250.48 11.00 13.57 22.30 1.93 216.86 207.70 0.80 623.78 394.89 58.17
123.22 21.16 192.88 6.21 8.66 18.52 2.24 249.41 190.98 1.08 337.59 135.68 61.31
102.03 8.56 129.56 8.13 10.08 18.50 1.97 298.81 264.36 0.94 333.11 183.48 27.95
113.65 16.93 156.94 8.61 10.12 17.78 1.99 317.13 263.40 0.88 319.35 139.01 53.59
207.11 35.92 296.50 11.25 12.71 20.22 2.32 267.00 186.87 0.89 318.00 149.64 81.62
195.68 38.59 308.55 9.60 11.81 21.10 2.39 239.16 178.28 0.92 353.94 135.09 84.11
238.75 29.82 344.99 11.19 13.62 22.80 1.68 331.56 238.60 0.63 572.92 257.26 74.18
224.31 43.48 402.45 8.19 11.17 21.82 2.26 224.55 212.19 0.85 453.46 214.68 88.24
204.65 33.43 294.23 7.35 10.26 20.81 2.03 266.35 232.25 0.98 374.49 214.60 79.14
121.34 20.17 171.36 8.01 10.42 18.11 2.02 274.60 179.26 0.93 358.53 196.22 59.64
144.70 15.64 188.92 8.94 10.97 20.54 2.06 281.34 218.77 0.71 432.07 261.28 49.84
144.62 23.11 227.25 6.41 10.26 20.93 1.81 248.06 191.74 0.88 543.97 360.86 65.36
119.07 17.86 189.04 8.84 12.78 23.83 2.33 186.67 148.55 0.97 465.70 285.38 55.42
135.18 17.05 179.63 6.05 8.69 18.07 1.95 292.35 267.16 0.83 372.54 155.91 53.83
123.69 22.55 320.04 8.94 11.46 21.01 2.14 215.74 211.15 0.81 504.08 240.57 63.50
245.31 44.83 327.03 5.25 8.26 18.11 2.52 219.72 164.43 0.73 437.46 164.14 89.30
201.12 30.82 299.89 9.54 12.20 21.72 2.31 224.11 159.01 0.89 424.36 203.55 75.33
196.75 32.69 378.66 8.13 11.86 22.13 2.06 241.15 182.85 0.78 515.63 459.43 78.36
179.43 27.60 263.51 7.66 9.93 18.90 2.27 241.69 214.65 0.96 357.54 200.43 71.50
247.54 41.42 366.08 5.88 8.77 17.88 1.96 250.02 206.71 0.85 500.89 267.88 86.56
216.80 32.49 425.47 10.39 12.54 20.38 2.42 279.90 254.67 0.78 257.98 123.20 78.14
238.34 28.48 339.46 13.00 14.58 23.72 1.84 315.03 222.13 0.72 454.51 114.68 72.59
212.36 41.03 301.61 8.07 11.55 22.61 1.65 276.54 248.57 0.83 586.78 407.20 86.23
228.03 49.83 411.09 10.39 12.25 21.29 2.00 304.46 253.33 0.83 365.00 176.01 93.96
205.49 29.34 292.74 3.38 8.82 20.87 2.15 219.79 165.50 0.86 506.08 298.11 73.61
247.50 33.23 398.81 9.48 11.30 20.34 2.51 209.38 149.89 0.95 377.23 206.60 78.93
224.22 30.77 484.93 8.03 9.52 18.76 2.27 263.83 186.16 0.90 335.83 134.48 75.27
