0.000000000000000000e+00
1.526100918025734927e+02
1.281062390496424825e+02
1.282596800537247645e+02
1.288011916997940602e+02
1.307589583667757154e+02
1.324592083153834494e+02
1.347035597523422723e+02
1.352076149592155900e+02
1.350736911145241947e+02
1.335815006731849337e+02
1.316088086972259816e+02
1.241985787724069183e+02
1.295339531506411106e+02
1.335814060884708567e+02
1.634744872768719972e+02
1.559712445586130798e+02
1.495171607783305774e+02
1.482457835257815191e+02
1.478586241483105255e+02
1.530858692903144060e+02
1.524529665056464296e+02
1.565383559038303929e+02
1.569104251370033865e+02
1.630727182865617522e+02
1.623976822051061220e+02
1.621279753693570740e+02
1.618685266780951508e+02
1.623371744763774984e+02
1.608724290345351164e+02
1.632389352593843341e+02
1.643298776500359963e+02
1.631695706214203483e+02
1.657250827673409788e+02
1.638503122534203555e+02
1.587491926651837559e+02
1.561410973317645130e+02
1.422586532021530559e+02
1.365870000992534585e+02
1.364442051280199451e+02
1.367110277784092034e+02
1.320473752329220076e+02
1.289971071275914767e+02
1.325699944465962403e+02
1.436913742845341346e+02
1.476621951279091718e+02
1.468360562613313220e+02
1.446384157970643969e+02
1.375126933536674585e+02
1.385172309338547052e+02
1.335487710326228239e+02
1.302470914110881495e+02
1.332720637468823668e+02
1.320559241088218698e+02
1.385307259728802194e+02
0.000000000000000000e+00
1.340189513939014034e+02
1.306895457787230441e+02
1.268087606531842511e+02
1.245464208480764512e+02
1.232647949622657109e+02
1.256643156723839638e+02
1.247175797946936200e+02
0.000000000000000000e+00
1.307591576297877509e+02
1.269492719411166632e+02
1.322298225684640158e+02
1.255462969080370073e+02
1.227557857198131757e+02
1.245380750336942413e+02
1.245269840334196800e+02
1.225644692722762272e+02
1.249386991632200505e+02
1.241068124072182428e+02
1.431803805078668859e+02
1.487653367468177521e+02
1.496093080858755968e+02
1.503465025525388512e+02
1.521367375095283592e+02
1.515597603578525820e+02
1.474964836134755899e+02
1.427418393936920324e+02
1.358236984926695357e+02
1.412995390735527508e+02
1.398788232044568076e+02
1.301930380464386872e+02
1.514576151886076900e+02
1.331354638631635510e+02
1.285821501389953028e+02
1.310214516884205977e+02
1.261115040280017041e+02
1.293676306030436933e+02
1.376715607334545837e+02
1.262523032472671076e+02
1.220134798603335184e+02
1.203662145276663296e+02
1.189062099115941464e+02
1.194780616003616558e+02
1.182492346008484958e+02
1.156241173884889264e+02
1.152938286729113173e+02
1.177293496651171978e+02
1.160057271098052212e+02
0.000000000000000000e+00
1.350464997143057815e+02
1.319514115401881895e+02
1.299865469873279551e+02
1.280433718332106139e+02
1.263883229919578497e+02
1.268580729426351894e+02
1.226324352030434994e+02
1.206210732311502909e+02
1.192887302453351310e+02
1.139827792371352899e+02
1.132691735807725877e+02
1.123180527630866976e+02
1.225180971434030255e+02
1.219933962699656007e+02
1.222459297039058868e+02
1.213700833227315883e+02
1.174385053607854701e+02
1.111070767093672202e+02
1.159149176423202476e+02
0.000000000000000000e+00
0.000000000000000000e+00
0.000000000000000000e+00
0.000000000000000000e+00
0.000000000000000000e+00
0.000000000000000000e+00
0.000000000000000000e+00
0.000000000000000000e+00
1.241354495434312071e+02
1.108926973676729517e+02
1.070011147210707207e+02
1.081037519124877804e+02
1.062957286599322657e+02
0.000000000000000000e+00
0.000000000000000000e+00
0.000000000000000000e+00
