51.00 234.46 52.42 369.03 8.92 10.63 18.96 2.17 393.72 331.78 0.42 333.35 119.31
52.00 118.44 31.12 281.46 7.35 9.05 16.74 2.54 249.37 184.98 0.80 442.10 240.69
53.00 202.02 37.07 327.27 9.77 10.80 17.80 2.47 310.45 206.51 0.39 351.04 106.06
54.00 166.05 31.63 305.57 10.04 11.60 19.39 2.25 334.58 251.13 0.59 246.76 92.17
55.00 229.13 35.21 308.15 7.91 10.24 18.44 1.95 432.69 261.54 0.41 401.25 100.74
56.00 241.14 46.70 373.24 6.34 8.64 17.29 1.91 383.70 253.90 0.68 378.49 139.13
57.00 210.17 27.06 281.99 9.58 11.38 19.55 1.61 538.06 324.82 0.25 309.57 85.00
58.00 211.90 37.82 340.78 7.21 9.64 17.83 2.48 282.22 193.22 0.56 300.67 119.54
59.00 247.49 35.60 353.76 9.93 11.06 19.58 1.69 625.84 394.33 0.11 367.81 55.22
60.00 215.76 40.82 314.72 8.55 9.94 17.63 1.87 410.42 236.68 0.57 301.78 73.52
61.00 165.95 18.04 205.69 9.04 10.34 17.49 1.63 560.72 382.82 0.29 320.39 65.60
62.00 232.02 39.38 333.85 7.03 9.52 17.88 1.89 508.30 421.37 0.08 1139.40 896.37
63.00 210.10 37.12 294.48 9.13 10.50 17.95 1.38 768.43 400.17 0.14 366.36 89.81
64.00 236.40 37.33 313.69 6.38 9.36 18.05 2.38 335.61 259.25 0.33 753.16 218.76
65.00 200.78 31.95 274.12 6.77 8.35 16.30 1.99 451.72 300.55 0.24 265.36 89.93
66.00 212.22 30.78 282.28 8.07 9.65 17.72 2.56 306.57 204.70 0.47 264.98 103.22
67.00 236.86 43.99 347.27 7.47 10.19 18.93 2.03 375.12 233.09 0.47 340.91 160.90
68.00 206.08 32.53 296.01 6.84 8.76 16.72 2.74 272.99 184.15 0.45 307.55 96.82
69.00 169.54 27.22 238.22 7.70 9.59 17.03 2.32 290.86 215.09 0.64 318.35 90.65
70.00 178.75 24.86 229.70 9.35 11.34 19.39 1.64 557.98 295.85 0.30 536.47 124.46
71.00 231.82 38.85 317.62 7.37 9.84 18.24 1.97 435.14 281.70 0.29 394.17 133.13
72.00 216.42 26.11 286.70 7.49 8.92 16.79 2.33 337.76 213.18 0.45 312.34 88.92
73.00 223.37 34.67 291.11 7.58 10.12 18.55 1.89 439.14 336.73 0.36 456.41 84.86
74.00 140.39 27.53 217.11 6.39 8.30 16.45 2.37 305.23 185.57 0.64 331.45 89.20
75.00 190.57 29.95 234.08 7.99 10.12 18.83 1.49 613.60 367.66 0.56 314.75 117.58
76.00 290.71 34.35 367.92 7.26 8.98 17.05 1.77 511.34 391.46 0.57 257.37 77.46
77.00 238.41 31.19 313.02 8.98 9.89 17.27 2.46 352.80 248.98 0.19 206.01 46.74
78.00 214.48 37.27 299.85 8.42 9.84 17.22 2.36 326.19 227.49 0.45 323.62 111.20
79.00 110.91 21.41 226.17 8.80 10.09 17.53 3.31 206.43 162.77 0.57 267.13 69.91
80.00 129.71 19.29 181.37 8.44 9.30 17.09 2.57 269.55 191.69 0.66 301.44 75.47
81.00 200.17 27.93 283.39 8.98 10.54 19.06 2.16 361.11 262.69 0.52 265.80 90.48
82.00 159.15 25.28 215.72 8.84 10.93 19.67 1.62 490.77 317.37 0.47 462.19 243.97
83.00 118.12 22.44 229.42 10.01 11.02 18.01 2.22 296.62 241.63 0.65 443.21 257.13
84.00 122.03 21.69 213.51 8.91 9.80 16.84 1.62 490.33 327.74 0.47 386.17 110.69
85.00 120.99 19.27 205.67 7.43 8.88 16.57 2.34 298.86 233.06 0.56 364.14 112.59
86.00 131.99 21.68 242.74 9.60 10.77 18.47 2.04 378.27 269.68 0.57 430.26 165.20
87.00 165.12 31.21 232.43 6.40 8.52 17.13 1.89 383.31 264.13 0.57 376.10 144.28
88.00 140.31 38.50 286.38 9.03 9.95 17.45 3.04 262.61 216.90 0.46 257.08 100.20
89.00 142.69 21.17 179.74 9.78 11.00 18.37 1.80 466.99 361.68 0.37 244.89 58.19
90.00 161.65 25.36 214.95 6.25 8.21 16.01 1.82 393.45 254.71 0.58 367.98 182.53
91.00 169.17 22.60 236.58 8.76 11.02 19.16 1.81 513.40 271.03 0.63 345.39 137.92
92.00 200.40 39.21 279.40 6.29 9.62 18.09 2.29 288.41 196.05 0.46 567.83 275.83
93.00 164.03 22.51 214.74 9.80 11.02 18.28 1.65 535.97 336.54 0.28 404.84 157.43
94.00 144.57 18.59 190.03 10.49 11.18 18.67 1.81 522.03 382.82 0.16 965.14 485.80
95.00 179.85 25.68 237.42 8.83 9.65 16.67 1.69 525.98 387.10 0.37 336.43 46.72
96.00 110.05 17.59 186.65 7.39 9.28 17.00 2.54 339.99 286.39 0.44 328.28 40.24
97.00 136.42 20.91 205.87 8.66 10.05 17.72 2.10 453.69 367.60 0.27 261.52 48.53
98.00 183.06 32.20 268.86 7.64 10.10 18.39 1.98 397.23 233.61 0.54 315.27 84.35
99.00 223.66 32.79 297.88 7.27 9.04 17.40 1.92 411.02 299.22 0.52 290.86 110.22
100.00 205.56 39.32 307.40 8.42 10.50 18.44 2.23 363.35 273.07 0.38 352.28 134.51
