1.00 129.93 65.16 371.45 6.96 8.31 15.97 3.85 155.20 135.19 0.91 271.01 86.77
2.00 201.88 41.53 379.13 9.90 10.79 17.94 1.93 731.40 363.01 0.44 387.21 168.41
3.00 204.36 44.53 383.38 9.38 11.71 19.25 2.61 281.59 221.64 0.24 479.95 219.66
4.00 143.62 16.44 204.05 9.04 10.67 18.06 1.20 703.81 443.75 0.40 643.19 286.22
5.00 203.57 53.02 356.12 9.27 10.63 18.36 2.81 324.97 260.93 0.36 232.05 63.52
6.00 169.90 33.30 289.72 10.22 10.77 18.36 2.37 506.06 354.56 0.31 309.06 98.77
7.00 223.56 39.55 325.40 8.37 10.39 18.19 1.94 436.70 298.23 0.31 254.23 90.16
8.00 143.91 54.17 349.60 5.27 6.93 14.87 3.16 168.33 134.05 1.09 328.83 148.70
9.00 212.46 43.63 350.75 6.25 8.74 16.74 2.23 313.84 234.20 0.87 329.99 142.67
10.00 184.33 37.15 314.24 5.56 7.71 15.88 2.65 293.91 245.69 0.65 255.82 90.58
11.00 155.78 26.81 248.15 6.15 8.59 16.67 2.14 315.31 234.79 0.72 346.77 138.96
12.00 174.05 31.87 284.08 9.75 11.70 19.29 1.88 542.36 328.31 0.45 402.47 182.53
13.00 206.72 40.09 300.67 9.15 11.33 19.27 1.97 440.07 307.42 0.31 359.97 168.16
14.00 144.19 15.92 181.62 10.14 11.13 18.56 0.94 1146.58 415.28 0.19 606.60 286.08
15.00 112.35 13.21 205.10 11.91 12.11 18.99 1.70 700.65 391.32 0.26 627.71 142.95
16.00 192.37 34.32 265.68 9.71 11.00 19.54 1.38 680.13 466.83 0.28 327.64 137.37
17.00 152.20 38.87 302.44 8.63 9.86 17.67 2.79 276.65 245.31 0.57 287.19 93.17
18.00 118.33 10.75 146.86 6.62 7.71 15.00 2.78 236.10 170.45 0.63 330.02 69.64
19.00 161.40 28.48 278.25 8.36 10.09 17.96 2.23 350.63 257.84 0.50 312.64 96.62
20.00 126.54 11.70 170.53 10.01 10.95 18.54 1.14 853.46 490.44 0.13 1184.04 646.62
21.00 160.33 17.15 194.93 8.82 10.73 18.17 1.71 456.41 312.34 0.44 449.25 92.09
22.00 177.61 28.34 301.91 9.61 11.21 18.54 2.10 367.16 289.68 0.46 427.57 105.22
23.00 154.21 32.23 279.09 8.17 10.18 18.75 1.99 424.21 327.27 0.49 312.48 86.76
24.00 204.71 45.53 330.25 8.66 9.62 17.33 1.93 421.23 245.32 0.45 303.99 139.70
25.00 122.38 24.41 238.11 9.57 11.20 18.69 1.95 341.91 278.88 0.45 645.81 325.61
26.00 160.71 42.05 293.71 8.90 9.68 17.20 3.02 259.34 236.76 0.74 250.26 83.98
27.00 147.01 19.06 218.59 9.05 9.83 16.90 1.58 607.30 333.84 0.30 285.62 38.67
28.00 143.35 23.31 241.37 8.74 10.38 17.93 2.13 434.01 244.51 0.36 352.87 121.21
29.00 241.35 28.37 351.93 9.67 11.41 19.62 1.64 490.82 371.63 0.26 823.59 646.73
30.00 141.62 17.67 199.38 9.64 10.55 17.77 1.75 545.37 261.82 0.20 648.81 373.95
31.00 120.33 20.37 191.76 7.32 9.19 17.39 2.55 274.26 229.33 0.54 346.85 116.89
32.00 166.23 13.27 204.86 9.49 11.22 18.78 0.88 917.47 259.53 0.35 827.85 246.45
33.00 185.32 16.77 209.66 9.96 11.66 18.84 1.72 440.89 291.75 0.36 576.54 179.37
34.00 193.67 30.04 279.82 8.29 10.18 18.19 1.79 445.15 267.68 0.37 384.82 117.28
35.00 164.60 19.28 264.43 10.13 10.73 17.89 1.62 585.26 384.45 0.17 385.31 177.48
36.00 203.29 28.71 292.73 9.51 11.09 18.73 2.14 436.49 307.49 0.31 260.07 29.73
37.00 143.65 16.52 178.20 8.50 10.63 18.31 1.10 850.83 374.70 0.43 377.16 56.71
38.00 179.92 36.56 352.70 7.93 9.75 18.11 2.49 291.88 230.18 0.54 356.01 124.50
39.00 224.60 38.06 335.76 9.65 10.80 18.29 2.60 514.86 245.13 0.31 294.28 47.74
40.00 175.36 19.15 214.53 10.05 12.07 19.48 0.86 1212.00 400.74 0.33 731.25 188.02
41.00 204.69 49.14 341.18 9.50 10.77 18.30 2.77 320.10 226.20 0.41 309.91 81.67
42.00 199.41 45.93 351.85 9.08 10.78 18.41 3.02 271.22 213.52 0.40 309.66 70.26
43.00 167.78 31.57 298.61 8.84 10.08 17.34 3.04 283.91 241.25 0.46 309.28 98.92
44.00 285.83 44.59 412.17 7.18 8.77 17.08 2.12 357.14 298.95 0.51 551.60 275.24
45.00 300.30 54.16 421.42 7.11 9.26 17.09 2.66 283.24 225.90 0.50 309.85 99.69
46.00 158.17 19.84 215.28 9.62 10.55 17.99 1.52 666.34 324.17 0.22 540.44 80.80
47.00 135.57 14.54 185.72 9.14 9.73 17.35 1.93 557.17 333.44 0.11 357.23 147.97
48.00 159.84 19.90 189.68 11.56 12.30 19.51 0.91 1287.36 267.11 0.12 453.22 69.80
49.00 155.83 23.45 206.66 8.69 10.46 17.99 2.46 342.92 237.06 0.35 326.48 86.07
50.00 185.97 48.89 366.38 6.49 8.66 16.67 2.50 270.51 221.89 0.69 432.93 201.73
51.00 157.76 43.23 317.14 8.12 9.55 16.99 2.50 325.53 260.57 0.68 326.25 115.28
52.00 138.54 28.99 268.82 4.41 6.49 14.54 2.45 229.71 163.10 1.02 347.25 176.77
53.00 126.80 15.62 158.32 11.78 11.70 18.67 2.23 515.26 274.09 0.12 314.19 108.89
54.00 242.56 92.40 436.82 6.18 8.16 16.69 3.90 169.56 132.02 0.85 272.80 85.43
55.00 245.80 40.33 338.39 5.93 8.52 16.77 2.82 235.62 178.13 0.59 340.40 94.32
56.00 194.11 48.06 400.93 8.44 10.17 17.67 2.60 287.69 260.80 0.75 276.09 130.49
57.00 174.55 40.05 338.73 10.58 11.05 18.50 2.14 418.22 348.33 0.23 262.32 41.51
58.00 139.34 18.47 223.94 12.73 12.88 19.53 1.78 474.75 399.78 0.61 297.89 88.90
59.00 146.02 25.39 218.15 5.94 7.84 15.71 2.06 420.34 240.65 0.69 292.62 87.74
60.00 126.33 18.80 204.17 7.59 9.56 17.33 2.22 276.82 231.08 0.74 420.27 162.63
61.00 153.30 77.20 397.60 8.94 10.32 17.90 3.51 167.93 134.52 0.90 379.24 126.35
62.00 180.02 22.88 273.35 8.82 10.13 17.21 2.36 317.94 209.74 0.58 400.19 155.51
63.00 134.70 20.35 244.72 6.19 8.17 16.17 2.43 275.04 211.89 0.91 229.82 75.68
64.00 223.67 40.87 383.68 7.48 9.65 17.21 2.20 235.36 176.70 0.96 449.34 172.00
65.00 198.27 36.50 344.67 7.09 8.69 15.72 2.19 273.14 209.10 0.94 334.63 134.30
66.00 185.84 30.13 245.43 6.69 8.21 15.63 2.80 261.43 196.05 0.62 249.44 44.55
67.00 262.23 81.22 448.02 8.14 10.57 18.77 2.88 205.47 156.89 1.09 278.45 129.58
68.00 125.30 13.25 188.09 8.19 8.71 15.72 1.51 601.01 365.77 0.53 374.51 184.50
