217.96 49.03 499.21 4.54 7.30 18.53 2.07 356.52 286.87 0.29 618.44 358.92 93.40
232.29 63.79 488.31 6.69 9.37 18.65 1.83 308.87 257.30 0.57 660.02 317.56 102.51
189.65 41.10 498.79 -1.55 1.30 16.04 2.20 227.77 195.74 0.79 498.74 427.19 86.29
202.71 42.81 482.29 5.98 8.04 16.05 1.93 279.53 204.73 0.64 554.50 222.05 87.70
238.97 47.01 495.97 1.37 5.47 18.68 2.20 300.79 262.85 0.55 458.55 352.73 91.94
236.02 46.20 352.53 5.54 8.96 19.30 1.52 360.84 308.61 0.73 542.05 307.72 91.34
230.64 32.16 340.60 1.46 3.51 13.90 1.94 325.86 226.38 0.35 772.13 861.05 76.79
244.17 56.76 429.47 2.56 6.37 17.10 1.75 269.74 220.11 0.58 780.30 384.28 98.47
200.38 24.90 298.80 5.92 8.34 18.90 1.25 554.42 523.67 0.36 726.53 442.71 67.93
203.13 34.46 284.23 8.04 10.65 19.97 1.56 369.60 314.27 0.56 646.65 222.28 80.19
224.05 38.09 496.72 6.00 8.23 19.01 2.10 347.79 278.64 0.37 411.25 248.38 83.66
215.43 51.34 429.66 5.68 8.65 17.84 2.17 253.73 221.58 0.83 443.66 280.53 94.99
249.89 38.83 405.11 7.03 9.20 20.51 1.20 554.00 347.64 0.42 710.76 522.93 84.32
245.24 41.87 368.57 6.18 8.93 20.18 1.25 543.99 421.00 0.48 593.58 154.68 86.93
203.32 35.03 303.96 6.71 7.90 15.90 1.67 458.61 315.14 0.42 403.14 105.85 80.76
215.88 44.80 338.66 7.65 9.18 18.08 1.67 393.66 273.30 0.69 406.95 176.14 89.28
168.56 22.14 258.64 4.96 7.75 17.56 1.54 371.94 225.25 0.71 517.31 317.30 62.86
167.89 19.16 224.95 8.73 10.35 17.77 1.31 539.29 372.49 0.48 469.13 251.05 57.87
201.76 33.99 341.64 4.16 7.35 18.24 1.69 393.25 380.21 0.41 649.13 425.55 79.71
218.32 45.89 463.93 2.78 6.60 16.94 0.92 451.53 364.51 0.46 1204.33 837.52 91.11
218.76 39.73 439.10 5.20 7.25 16.64 1.30 582.77 427.86 0.35 534.66 318.57 85.12
214.70 39.70 306.93 7.21 8.89 17.68 1.57 461.25 265.95 0.50 415.16 79.84 85.09
228.82 46.82 494.14 -2.64 2.49 16.27 2.05 231.74 180.35 0.60 714.23 570.48 91.80
228.50 39.57 318.35 3.68 8.19 18.44 1.14 340.04 257.68 0.47 1246.76 576.45 84.98
219.69 31.31 438.91 2.90 4.87 15.61 1.76 432.66 355.64 0.35 441.66 244.73 75.87
214.16 40.77 356.54 3.68 5.68 14.89 2.19 338.29 221.09 0.45 274.96 139.80 86.01
209.73 32.34 373.00 5.46 7.43 17.74 1.85 330.69 305.34 0.64 443.57 333.68 76.99
210.83 36.08 310.46 4.29 7.33 17.59 2.01 289.49 224.11 0.92 358.50 244.76 81.78
206.32 35.91 428.50 -1.51 2.11 17.37 1.36 355.64 306.83 0.34 1333.08 2266.69 81.61
219.82 35.22 324.17 5.01 8.42 19.33 1.64 404.32 300.49 0.60 435.43 282.49 80.95
200.19 30.13 330.89 4.43 6.95 15.95 2.47 241.12 172.45 0.56 524.67 363.41 74.53
206.69 35.04 331.03 5.79 9.44 19.27 1.59 285.26 167.93 0.40 1182.16 680.06 80.77
219.33 47.27 446.00 0.79 6.34 16.38 2.31 251.47 297.34 0.66 476.32 359.39 92.13
225.13 47.97 345.53 2.64 7.40 19.23 2.05 261.52 164.46 0.68 557.02 236.43 92.64
193.39 28.59 492.12 6.71 8.97 16.57 1.81 325.12 205.58 0.55 593.09 435.75 72.73
216.24 33.38 316.76 5.01 6.94 16.49 1.90 312.88 217.51 0.77 414.19 207.45 79.09
211.17 33.01 486.37 5.11 8.37 20.13 1.50 485.91 434.78 0.45 461.91 229.30 78.70
220.65 30.08 301.86 3.09 7.65 19.82 1.75 311.18 237.11 0.83 488.44 301.18 74.48
288.62 38.53 451.10 1.68 5.77 17.33 1.20 310.12 212.34 0.87 700.86 757.96 84.05
291.60 34.78 395.81 6.67 9.48 18.84 1.19 564.85 557.06 0.51 551.11 274.39 80.50
215.84 32.20 281.22 5.90 7.96 17.92 1.60 476.21 442.75 0.33 454.31 197.48 76.83
238.48 30.93 299.46 6.27 8.07 16.87 2.33 328.30 258.30 0.45 244.66 107.28 75.45
180.40 44.85 358.58 2.05 5.14 15.50 1.80 298.76 230.67 0.69 568.83 475.85 89.31
208.20 48.23 327.27 4.42 7.17 17.77 1.65 331.09 310.09 0.72 531.66 243.45 92.83
169.39 31.70 358.61 5.75 7.91 18.01 1.61 404.62 301.73 0.43 646.66 467.17 76.30
182.03 36.33 390.28 1.98 6.80 17.86 1.65 289.78 264.51 0.73 609.59 287.80 82.02
219.43 37.04 420.85 5.03 6.72 17.97 1.52 454.48 353.21 0.53 460.05 302.95 82.68
231.33 47.17 336.82 5.49 7.96 19.10 1.65 373.38 340.53 0.77 422.57 201.81 92.06
188.55 30.10 479.71 2.59 6.85 16.48 1.12 371.87 241.92 0.53 1041.29 848.26 74.50
203.92 38.59 300.55 3.99 8.21 19.06 1.88 267.80 188.22 0.63 690.97 387.82 84.10
