100.00 103.02 19.07 133.68 4.93 7.29 14.60 3.38 155.91 17.69 1.69 162.51 19.89 12.00
100.00 224.51 29.96 274.06 7.34 8.76 14.95 1.22 524.35 100.99 0.46 615.79 368.78 8.00
100.00 182.84 78.67 280.85 7.50 9.85 16.90 4.55 109.19 53.26 0.61 395.75 167.12 15.00
100.00 131.67 6.52 149.18 8.77 9.21 16.82 0.33 2854.12 0.00 0.00 nan nan 1.00
100.00 194.76 38.13 265.66 5.22 7.30 14.80 5.15 133.05 50.58 0.22 206.94 0.00 23.00
100.00 175.90 40.43 228.18 8.07 9.30 18.03 4.12 191.18 140.18 0.16 152.81 0.00 25.00
100.00 212.26 34.90 246.82 3.46 5.80 15.60 3.71 185.99 81.46 0.10 158.00 0.00 39.00
100.00 119.25 12.73 149.97 0.15 1.57 9.04 3.31 58.84 26.82 2.41 298.12 109.41 11.00
100.00 259.23 22.01 332.30 6.74 8.38 17.07 2.19 417.43 343.91 0.00 nan nan 7.00
100.00 203.04 19.42 263.00 -0.52 2.96 13.40 6.69 82.41 19.53 0.15 266.81 0.00 44.00
100.00 152.80 14.47 191.48 6.38 7.85 14.51 4.78 158.88 79.88 0.00 nan nan 20.00
100.00 166.31 23.97 208.62 7.74 9.01 16.82 1.59 514.64 368.16 0.40 282.75 0.00 4.00
100.00 179.45 41.50 301.39 5.70 7.94 15.71 4.87 150.86 82.29 0.29 222.22 42.22 33.00
100.00 139.10 9.10 180.76 10.04 9.53 17.72 1.70 545.72 414.69 0.00 nan nan 11.00
100.00 112.86 12.92 193.85 3.17 6.09 17.11 5.76 119.81 125.77 0.13 214.94 0.00 43.00
100.00 185.88 28.53 263.84 4.45 6.36 16.48 3.29 263.17 163.75 0.18 166.75 0.00 18.00
100.00 121.91 41.07 226.75 1.34 3.24 13.01 5.37 122.37 95.34 0.00 nan nan 39.00
100.00 113.94 9.59 139.08 1.23 3.98 12.82 5.29 46.78 13.67 2.03 240.49 51.58 26.00
100.00 131.97 45.67 276.56 8.34 9.41 17.96 2.66 349.52 374.03 0.00 nan nan 17.00
100.00 165.17 51.38 243.77 7.75 11.10 18.71 4.63 112.66 71.41 1.45 217.95 65.12 16.00
100.00 164.25 12.73 207.18 7.03 8.33 16.46 2.11 424.62 503.98 0.00 nan nan 7.00
100.00 177.46 13.44 219.12 3.97 7.70 16.75 5.25 134.56 55.93 0.28 158.81 0.00 19.00
100.00 157.62 32.39 213.44 2.07 5.35 13.82 5.25 81.09 39.86 0.66 240.23 32.23 24.00
100.00 125.86 41.70 282.81 7.11 8.43 15.60 8.04 64.75 37.41 0.00 nan nan 19.00
100.00 124.54 6.32 143.44 10.64 10.15 17.14 2.16 434.85 241.95 0.00 nan nan 3.00
100.00 161.91 33.79 213.18 1.10 4.46 14.05 4.60 99.10 38.58 0.85 278.24 135.06 27.00
100.00 149.77 12.87 182.75 7.86 9.19 16.85 3.83 229.96 165.99 0.00 nan nan 25.00
100.00 119.48 13.15 155.88 8.52 9.71 17.19 4.27 180.85 164.79 0.00 nan nan 14.00
100.00 232.78 22.06 327.61 6.27 8.52 16.55 3.25 221.31 116.64 0.17 153.50 0.00 19.00
100.00 145.25 33.27 302.30 9.86 9.73 15.88 5.45 156.23 99.18 0.00 nan nan 14.00
100.00 128.04 10.43 166.68 8.24 9.23 16.86 5.08 164.45 88.70 0.00 nan nan 21.00
100.00 169.36 12.43 186.93 12.41 13.02 18.47 0.70 1365.12 0.00 0.00 nan nan 1.00
100.00 173.34 16.93 201.38 6.16 7.67 14.56 3.60 243.14 131.00 0.00 nan nan 7.00
100.00 203.15 11.00 238.81 9.46 10.84 17.73 1.73 551.60 324.50 0.00 nan nan 3.00
100.00 156.43 15.93 198.26 10.58 12.09 19.13 3.77 229.72 123.65 0.00 nan nan 14.00
100.00 200.75 14.22 247.71 6.68 7.41 15.21 4.51 190.91 161.00 0.00 nan nan 17.00
100.00 160.60 12.52 190.29 5.81 7.31 14.39 0.92 997.50 105.69 0.00 nan nan 2.00
100.00 158.29 40.71 218.39 3.62 6.79 16.72 5.02 136.26 128.41 0.51 172.61 21.25 39.00
100.00 204.93 10.60 236.76 8.27 9.64 17.37 0.92 1030.20 1382.77 0.23 153.62 0.00 4.00
100.00 168.47 7.96 206.24 6.42 8.25 17.17 0.21 4536.56 0.00 0.00 nan nan 1.00
100.00 180.21 25.61 224.81 1.73 6.16 15.99 5.64 99.21 41.83 0.19 177.25 0.00 29.00
100.00 187.72 35.37 268.97 2.72 6.62 15.71 5.37 91.95 55.13 0.98 259.33 130.52 33.00
100.00 178.70 20.44 326.62 0.43 3.08 12.35 4.93 112.57 38.09 0.39 239.38 64.69 25.00
100.00 325.88 36.39 373.99 5.76 9.33 18.43 3.78 214.63 121.19 0.00 nan nan 21.00
100.00 307.55 16.80 363.25 6.81 8.38 16.50 6.80 107.45 42.55 0.00 nan nan 19.00
100.00 146.11 18.62 208.58 5.65 7.47 15.89 1.94 470.16 367.00 0.00 nan nan 11.00
100.00 139.76 14.17 180.90 6.25 7.94 15.58 5.16 116.47 46.41 0.40 165.94 0.00 13.00
100.00 147.13 11.01 208.61 7.00 9.42 18.18 0.64 1499.31 1602.48 0.00 nan nan 5.00
100.00 134.76 11.13 178.83 4.39 6.73 16.74 4.89 155.52 77.65 0.00 nan nan 34.00
100.00 202.71 27.42 319.87 9.76 11.43 19.07 2.50 354.57 418.93 0.16 224.19 0.00 16.00
100.00 224.87 24.16 292.83 5.14 7.09 15.09 5.91 123.04 46.71 0.00 nan nan 23.00
100.00 111.46 13.24 138.39 7.44 8.85 16.35 6.12 99.26 55.18 0.46 150.50 11.36 40.00
100.00 216.50 21.10 279.29 8.17 9.29 18.32 4.36 187.30 62.40 0.00 nan nan 23.00
100.00 160.22 21.28 189.12 7.65 9.72 16.91 5.81 99.57 41.62 0.00 nan nan 18.00
100.00 201.73 29.86 267.96 4.51 6.22 15.88 4.05 205.62 183.80 0.00 nan nan 21.00
100.00 240.98 14.30 273.46 6.71 8.60 16.55 6.79 112.79 39.77 0.00 nan nan 20.00
100.00 238.34 13.46 266.68 4.85 8.83 17.06 6.46 97.57 57.38 0.00 nan nan 26.00
100.00 203.98 4.96 220.72 6.80 7.92 16.92 4.24 200.82 93.40 0.00 nan nan 29.00
100.00 232.08 15.71 283.25 9.70 10.39 17.26 1.91 505.20 402.14 0.00 nan nan 9.00
100.00 226.03 26.60 306.19 5.72 7.29 14.14 5.98 125.32 47.02 0.00 nan nan 20.00
100.00 148.53 6.27 160.22 4.48 7.79 15.53 7.06 99.07 40.17 0.00 nan nan 17.00
100.00 224.23 30.13 293.29 6.43 8.05 16.78 1.56 618.62 476.45 0.00 nan nan 3.00
100.00 215.05 20.99 268.25 8.14 8.58 15.00 1.54 605.83 543.99 0.00 nan nan 6.00
100.00 227.33 17.71 287.58 6.04 7.44 14.17 6.31 98.43 22.38 0.00 nan nan 20.00
100.00 206.07 31.93 373.12 7.41 8.38 15.00 5.94 133.36 61.23 0.00 nan nan 13.00
100.00 205.03 13.65 239.03 4.45 6.96 15.17 6.36 99.40 27.28 0.00 nan nan 24.00
100.00 203.32 32.01 261.67 5.27 7.31 16.31 5.83 133.53 64.99 0.00 nan nan 25.00
100.00 203.32 32.01 261.67 4.78 6.60 13.82 4.84 125.76 44.10 0.32 183.41 39.91 30.00
100.00 135.44 13.55 176.84 7.37 8.74 15.52 7.91 45.40 16.25 0.38 196.06 0.00 21.00
100.00 182.10 12.09 205.97 6.92 8.61 16.56 0.86 1092.44 965.19 0.00 nan nan 2.00
100.00 247.18 22.70 324.44 5.38 6.89 13.96 5.19 135.67 32.95 0.00 nan nan 44.00
100.00 216.98 8.98 245.67 5.46 7.47 15.88 6.81 93.78 19.49 0.21 167.00 0.00 33.00
100.00 199.49 22.93 232.67 9.08 9.79 18.01 1.90 495.48 397.10 0.00 nan nan 14.00
100.00 126.15 13.36 165.68 8.06 9.21 17.67 3.67 234.53 135.03 0.00 nan nan 9.00
100.00 166.19 26.51 210.82 6.33 6.97 14.64 4.46 172.32 106.09 0.19 157.44 0.00 24.00
100.00 275.99 31.79 310.85 6.18 7.77 14.52 4.58 183.24 92.96 0.00 nan nan 16.00
100.00 255.67 19.03 288.79 4.98 7.23 15.91 5.83 110.99 44.08 0.13 214.81 0.00 45.00
100.00 198.20 38.52 236.31 5.66 7.30 13.70 7.13 90.99 18.64 0.00 nan nan 12.00
100.00 107.76 7.84 143.72 5.60 6.92 13.73 6.56 49.26 24.25 1.69 168.74 11.40 31.00
100.00 104.34 11.98 207.02 4.27 6.67 16.05 6.34 94.29 37.90 0.00 nan nan 28.00
100.00 182.50 21.15 229.07 9.44 11.19 17.91 4.88 136.71 63.09 0.61 168.50 14.56 16.00
100.00 164.29 21.47 207.98 10.68 12.36 19.02 3.83 220.32 100.35 0.00 nan nan 15.00
100.00 128.96 38.92 374.34 9.43 9.75 15.66 5.28 126.33 55.26 0.00 nan nan 13.00
100.00 115.16 23.98 213.16 7.07 7.51 14.31 3.42 258.29 204.79 0.00 nan nan 12.00
100.00 113.93 13.16 191.95 1.18 3.30 11.99 5.30 68.39 34.02 1.77 205.89 57.33 24.00
100.00 125.47 5.96 150.11 7.20 8.43 17.15 3.69 227.45 234.19 0.00 nan nan 18.00
100.00 134.47 17.11 159.44 1.92 4.48 13.20 6.19 72.60 27.24 0.31 206.50 0.00 20.00
100.00 126.20 20.07 207.58 7.24 8.31 14.27 5.88 86.81 46.49 1.18 169.15 6.68 15.00
100.00 157.81 11.34 181.53 10.14 11.32 17.49 2.62 319.30 260.90 0.00 nan nan 9.00
100.00 143.61 13.17 202.67 4.96 7.60 15.73 5.77 110.71 53.96 0.00 nan nan 21.00
100.00 161.10 13.12 208.41 10.48 11.92 18.65 6.28 112.30 56.08 0.52 140.62 0.00 12.00
100.00 179.44 23.45 222.25 4.39 6.24 13.63 5.90 122.83 73.20 0.00 nan nan 28.00
100.00 173.41 16.59 242.67 8.53 9.85 15.76 5.72 136.91 52.93 0.34 208.06 0.00 17.00
100.00 129.91 6.23 156.70 7.54 8.43 15.51 1.90 483.15 314.29 0.00 nan nan 9.00
100.00 160.43 15.19 180.31 5.57 7.00 14.93 5.06 129.84 35.55 0.00 nan nan 24.00
100.00 116.36 9.54 130.82 4.69 6.40 14.76 5.42 130.08 75.49 0.00 nan nan 15.00
100.00 135.83 7.00 177.58 7.33 8.48 17.44 6.00 141.38 112.31 0.00 nan nan 23.00
100.00 200.39 12.40 244.12 8.15 10.12 17.61 5.38 141.23 62.31 0.36 183.75 0.00 15.00
100.00 216.07 17.69 262.99 3.95 6.97 15.81 6.57 86.13 29.73 0.00 nan nan 33.00
100.00 167.05 43.43 226.34 5.00 6.71 13.09 7.67 68.72 26.97 0.17 141.19 0.00 44.00
