113.18 36.84 470.02 3.16 5.83 15.81 1.71 246.18 229.92 0.57 882.15 806.83 82.50
116.08 18.78 157.33 3.09 6.58 17.56 1.47 302.46 173.25 0.65 761.21 501.57 57.16
137.27 32.30 448.15 6.98 9.50 20.28 1.66 364.48 301.18 0.45 681.63 625.03 76.95
161.64 38.04 453.63 9.64 12.08 21.09 2.09 293.22 227.60 0.70 400.31 198.95 83.61
138.55 29.92 282.42 2.47 4.89 14.65 2.07 267.70 214.21 0.65 542.18 336.65 74.30
177.74 39.74 371.13 4.50 7.43 17.85 2.03 261.52 207.34 0.96 416.00 373.73 85.12
165.62 23.64 236.22 -4.54 1.05 15.45 1.90 182.95 133.78 0.60 906.88 736.84 66.13
179.25 31.18 253.94 7.27 10.33 18.87 1.34 353.15 305.53 0.59 825.47 408.32 75.72
134.60 31.94 384.35 3.44 5.43 16.76 1.95 285.02 205.90 0.66 563.02 353.03 76.56
140.31 30.61 230.91 -0.42 2.71 12.50 2.55 216.77 165.38 1.01 339.80 227.72 75.09
159.12 33.53 232.71 4.23 6.92 16.11 1.57 404.94 309.48 0.67 469.07 331.67 79.24
168.73 32.32 235.62 4.30 7.67 17.64 1.58 356.53 254.64 0.69 548.48 254.53 76.97
108.29 15.56 282.86 2.40 5.41 16.30 1.32 307.42 305.20 0.57 935.08 831.27 49.65
103.74 14.74 169.27 6.24 9.21 18.28 2.57 192.83 173.77 1.03 394.11 204.44 47.79
121.82 23.06 429.20 6.85 8.32 18.02 2.18 304.64 261.72 0.43 546.55 405.97 65.27
124.85 22.91 208.24 7.00 9.10 18.69 2.07 260.34 206.81 0.91 436.94 188.86 65.06
200.03 25.33 309.31 6.36 8.65 18.84 1.54 370.08 264.09 0.46 790.74 683.69 68.53
196.98 26.29 277.48 4.93 7.04 16.40 1.58 388.10 333.32 0.72 460.30 242.57 69.81
141.46 21.13 184.36 5.59 9.64 19.89 1.25 320.36 280.48 0.64 880.12 860.05 61.26
163.00 30.08 225.48 4.95 8.37 19.47 1.52 311.42 308.32 0.63 770.69 497.38 74.48
113.04 28.64 498.03 3.68 6.21 16.64 2.10 213.79 185.28 0.84 565.46 390.77 72.79
118.72 22.95 417.21 6.57 8.61 16.26 1.47 302.12 290.08 0.65 774.75 473.44 65.11
109.44 19.80 211.21 5.89 8.42 16.71 0.92 539.35 463.80 0.51 963.87 691.63 59.00
117.83 22.25 202.78 5.46 7.30 16.30 1.57 388.23 286.07 0.72 480.16 315.58 63.04
111.68 14.94 204.75 3.20 5.11 14.03 1.18 442.87 319.94 0.34 1220.14 869.45 48.24
123.81 33.76 414.61 5.88 8.02 16.87 1.50 348.77 285.86 0.70 619.74 282.52 79.48
114.53 32.57 490.75 5.10 8.54 18.10 1.43 340.36 316.75 0.57 790.93 573.67 78.24
131.12 25.79 328.01 7.19 9.67 18.30 1.38 306.24 269.80 0.68 809.17 635.62 69.15
139.99 24.33 210.00 4.03 6.55 17.28 1.06 531.79 406.17 0.53 766.15 710.07 67.13
154.40 37.72 250.37 5.21 8.11 17.52 1.25 400.83 284.43 0.55 823.22 352.76 83.32
128.50 49.83 497.91 2.86 7.13 19.02 1.45 187.47 183.99 0.44 1515.30 1478.30 93.96
141.19 54.78 490.85 5.17 7.41 16.71 2.30 222.00 193.70 0.81 501.81 402.32 97.24
142.83 15.32 185.93 7.55 8.93 17.60 0.87 798.63 763.59 0.30 933.47 643.84 49.11
137.87 25.50 201.74 7.01 9.50 18.16 1.70 367.15 333.66 0.61 505.35 318.15 68.76
162.01 28.22 476.32 2.40 5.58 17.91 1.78 369.94 283.99 0.41 599.12 501.82 72.27
162.63 29.24 236.14 3.48 5.74 14.71 1.63 344.20 222.44 0.79 473.14 251.79 73.50
146.01 17.25 197.36 7.09 9.98 20.13 1.15 582.91 669.72 0.37 795.54 649.49 54.23
160.42 22.55 243.83 5.06 8.70 19.64 1.12 456.83 320.71 0.63 715.25 741.04 63.51
148.14 30.59 251.33 2.54 5.52 16.63 1.49 341.78 246.70 0.59 741.70 588.92 75.07
184.98 38.03 281.28 -0.11 6.19 18.60 1.51 265.85 201.01 0.68 794.96 495.98 83.60
167.02 29.03 321.09 2.84 7.37 18.55 0.80 471.96 402.11 0.36 1684.62 1102.12 73.25
162.11 26.46 279.46 6.84 8.98 16.75 1.43 424.03 379.10 0.72 487.46 338.68 70.04
128.08 20.75 205.90 4.74 8.36 19.06 0.67 515.09 469.16 0.35 1828.41 1030.64 60.62
137.88 21.92 199.12 5.76 8.85 19.65 0.90 442.36 296.56 0.30 1911.46 882.02 62.52
174.86 22.90 221.80 4.40 6.84 16.49 1.15 485.11 360.55 0.44 912.98 713.93 65.04
179.92 28.50 241.77 5.33 7.28 15.46 1.39 478.58 376.02 0.52 524.70 306.11 72.61
95.20 19.25 485.76 4.74 7.60 19.79 1.75 378.89 312.96 0.44 583.13 353.59 58.02
116.06 21.26 213.90 3.97 6.77 17.07 2.06 280.82 226.77 1.07 334.80 142.83 61.47
133.16 18.14 184.69 5.29 8.04 18.68 1.18 687.02 825.92 0.29 454.58 245.42 55.97
136.85 25.21 210.74 4.23 7.12 16.87 1.89 315.62 283.36 0.66 490.52 147.37 68.37
