File type = "ooTextFile"
Object class = "Pitch 1"

0
11.16725
557
0.02
0.023625000000000222
500
15
0.0035386558071953886
7
0
0
2456.027719090491
0.490559191231585
1374.7706313377844
0.5508027440797827
690.5868541759133
0.45716549346437113
593.2984178830116
0.43250481592081913
427.65565402261666
0.2975413838862793
311.74539135435214
0.2535388718849288
0.024144624915937055
3
0
0
639.272514055621
0.4117806433518757
159.48923968040955
0.24027970647303043
0.1621683815331363
5
0
0
635.9979679025514
0.599282266463103
317.1544486384383
0.29502297034798525
92.71165324084792
0.4661869595761558
80.71595273476568
0.3774082697006746
0.3327355213872799
8
97.2456652662862
0.8410964905316349
608.5549432380093
0.5777186491273822
286.60296769996535
0.4368823612147727
193.87580336112393
0.4532607409031063
142.7109408734106
0.43779733469741877
115.27688166996498
0.6157819655733332
0
0
82.90558425741877
0.5219100474056938
0.17859782839455754
6
96.99650055200877
0.7120621155782118
556.8155344501759
0.45841230269710165
282.4393111693052
0.24770379679319696
117.01022452750932
0.4052093591839082
0
0
82.6514388347878
0.2658666558412035
0.22843202691725684
3
97.7489650686232
0.6418383223547932
221.94652874560646
0.23285635165207874
0
0
0.07076667220034612
3
99.65858453951928
0.666835206575674
199.34733708795574
0.34738420976888545
0
0
0.06385669647382164
13
97.35829174656733
0.5276841507506846
4096.256380054726
0.882452819998431
2089.7653402242163
0.6879032574115946
1409.3475061255504
0.4746295242763643
1055.4867897990698
0.25075247108551
102.13876889096254
0.4088364474789619
99.66139918751873
0.4937623778519396
0
0
95.33509074635134
0.5001083176022219
93.3442220144192
0.45812782646284006
91.30170046883514
0.41179776533887047
89.36833248857478
0.32798345708369137
87.39604254549953
0.23644435997450997
0.1288552914897132
6
109.28220813279674
0.7912034983707692
4182.5644106049695
0.913908061223125
2123.3745530070923
0.749561925155948
216.6629982769083
0.43271041204356464
111.83289048753743
0.7526834721143167
0
0
0.2922045457074875
5
120.13209993581195
0.8521716949323107
221.71559975424182
0.23301698299871726
124.25738586412558
0.760941777680814
0
0
77.02853934017895
0.3432491344419942
0.5140204129911635
4
124.09409809197197
0.8362971972610218
244.85524009282187
0.5254778422551252
0
0
81.2798279124422
0.4114495892616849
0.6312082058697903
4
128.40494829725233
0.8542663495174606
258.7383988836219
0.6520055786307547
0
0
85.99388611845845
0.5478264054890938
0.457810956421087
8
132.3121644469896
0.8496995984020191
530.5276436146617
0.47618870025172133
264.04077878614896
0.5567270799254301
176.58784263597437
0.5034993756434856
0
0
105.84373071566253
0.546407437077424
87.89128910636211
0.39415014897199274
75.54535325142349
0.6052438720745048
0.319782516918625
4
131.4702970172697
0.5677336759100207
2089.6147516769183
0.3717667280667714
260.0951161327411
0.3495506887658289
0
0
0.29784672340245244
2
131.18472420628206
0.7440274268772309
0
0
0.22329620262282232
4
123.42023917542792
0.8424214345293563
242.0328985860303
0.3022861769456365
0
0
81.50043063158255
0.34719126611409523
0.13995124624982525
4
123.1503863182926
0.9478162423309662
248.9425587115643
0.4746000861234284
0
0
82.65223130175973
0.5127273770955891
0.06836304805071186
4
120.2562133800157
0.785274145664796
242.2893924009798
0.7210023642054837
0
0
79.89039807932966
0.8452860565934411
0.07798701724235477
2
121.47313295927135
0.8641957321724257
0
0
0.13947711462686857
2
120.83523131690274
0.9779643912455411
0
0
0.2506331825343025
4
118.3557664052054
0.9281214895300242
237.85303297516185
0.6452425700361588
0
0
79.86867235961718
0.5813000641820578
0.30265090727584204
5
118.67453946031839
0.8860522371412177
237.66742781296497
0.4897750217543753
0
0
113.32420745122482
0.7779651789857991
79.6339703839929
0.4386451560401059
0.21251312226530397
6
110.47884358862946
0.753314128628706
414.06810616826317
0.24495535221926498
150.09082795948973
0.32719278861634227
116.55960419559813
0.5927383150791477
0
0
87.19674403327866
0.31487022696579686
0.4002119071208053
4
110.57292541874031
0.8626944565228305
116.58354758944735
0.5391075558476266
0
0
86.14478022511999
0.25065475939833554
0.3571719314850933
9
110.9892563050371
0.7995096242135542
471.04046322387876
0.36135744763893507
398.73417408657275
0.4349761818755697
220.85760120696108
0.3256231256574912
152.7212090920651
0.39480908831633116
142.51896389881898
0.35110462418583555
0
0
89.53316454825408
0.2433050363116577
86.2877605090511
0.358770679819393
0.23331456281288673
4
113.54700045774104
0.8826021470446464
227.1456503829069
0.2892821086804552
0
0
76.89680522101769
0.24695009889510175
0.23962038758364307
4
114.86508091194777
0.923430203049429
230.069563021085
0.5536462286310433
0
0
78.03892462228767
0.4626592513247539
0.18772381707631708
4
116.18012062489304
0.9751237974934591
232.83420508372302
0.6019272762590003
0
0
77.71104318531883
0.6411679162549315
0.31900332908611473
4
120.39782420659861
0.971429852016158
241.00149698778802
0.6445078848092172
0
0
80.30386111030036
0.6531599725434131
0.36625916845529594
4
122.63700790260944
0.9927064551373349
243.79397821719618
0.7230782771853144
0
0
81.38363537098819
0.7189077818815336
0.5316479833110905
4
124.18882944992713
0.9805098605785205
246.97350469226618
0.764268979101915
0
0
82.31083511914883
0.7480973727133912
0.5607278885200874
4
124.5081640128373
0.9910841437955316
249.1342154730303
0.776656819589673
0
0
82.97666020777528
0.7629322700021634
0.6388841005945384
4
122.77446177755607
0.9799401904164302
246.20315994456712
0.7537092406652142
0
0
82.05413074198287
0.7576750225613421
0.6267548005049584
4
120.42666894005883
0.9641819875361664
241.5214960485237
0.7918334674811909
0
0
80.61243322784821
0.7493550118846535
0.4619515132365555
4
117.94300802762353
0.8928848919596019
238.45336842519333
0.7780525068429831
0
0
80.27880091981258
0.6974570816084719
0.2752882783077351
4
112.89946069270327
0.4885372065176583
234.80042661749602
0.29620514053227337
0
0
84.64021302159038
0.5286114031453426
0.347187414950206
5
0
0
252.7854147805532
0.26425130717394374
223.6433171462765
0.374029354199573
106.25597701596185
0.3235376562304211
81.76914284820269
0.2619858327787652
0.3530250278395569
5
0
0
260.70544182181726
0.311786109495317
236.64364351150485
0.42416780849038427
216.37308929181947
0.3496882132183396
101.41917159512877
0.3644103162918367
0.15050543726710686
3
0
0
268.20717190567984
0.45778617439847635
96.61480830107622
0.5271966336910455
0.07033870845863777
3
77.59738488110607
0.6553710646507794
199.28359869600033
0.2610685334676429
0
0
0.09186755919402226
3
0
0
212.3874006920977
0.3588330611851401
79.6612515602122
0.4828340546511254
0.04590470421992342
3
0
0
154.26215317223705
0.45052344138046463
94.22960145497564
0.29245682714070304
0.03345285479896331
3
0
0
140.87155794810016
0.44473676232749465
88.81842626486196
0.45472620916500567
0.04138707786410181
5
0
0
1106.0609935268458
0.3253490740260321
202.94649791646347
0.263800928946479
175.3521697125917
0.3065243476641493
80.31850229510559
0.29470877959843234
0.02725905972811958
5
0
0
897.4899348385958
0.2740459090183965
149.48390509846473
0.23008752795305248
128.6073513391185
0.25692801251731123
90.04582448485196
0.2552188822414762
0.019751982651743397
1
0
0
0.06450453668398572
2
0
0
83.82499316263257
0.43614153165418706
0.06732488413153226
3
78.230305762707
0.7845461280551787
156.1223221420449
0.5338348833368879
0
0
0.04071205699103948
3
80.46446368545269
0.8887804801898358
158.0474305053089
0.6953209748189954
0
0
0.02185630805238668
3
0
0
162.93733270029904
0.6148962034368666
81.6570324853668
0.9654758379399511
0.009974015109834075
3
0
0
167.94001181051834
0.7192714602513138
82.19177897164833
0.9567721833091026
0.009051922778472327
3
0
0
162.3950738282159
0.894900302683125
81.83958795343206
0.8411184912160823
0.007227718833716019
3
0
0
159.98149370529674
0.800524367862523
82.06091308453979
0.6006083797185092
0.006624919263550432
3
0
0
164.93178350204337
0.6774530307235996
83.64107058528818
0.41372704980201735
0.004252789171441966
3
0
0
166.38061014442326
0.6481967457484279
84.99732867219967
0.324260215526509
0.0031523736590495194
4
0
0
168.9777770550059
0.485374468401014
165.224065533958
0.4837522613652089
161.4930618659298
0.4818162041506857
0.0026883907689815457
7
0
0
187.60123679365134
0.33172799691842686
179.41297611297006
0.3502906246427364
174.06740914868138
0.3542290425962507
163.23074225161565
0.37289576123181656
158.8994450611162
0.37560376247091454
154.0526719533417
0.3674195074512071
0.002691462626334674
15
0
0
1819.9505196261393
0.8291098775768949
457.0771775372306
0.36079879553249883
409.9040559895772
0.31892734406993356
328.05419146687944
0.263355045773361
304.87629059972323
0.2648542843501897
290.30779750693
0.27033735250456653
275.1057033702877
0.2743658892220164
260.2131858464837
0.2898866727000452
241.7134485377639
0.2960476418575661
226.8559760217783
0.2975572261547122
212.5504871846716
0.2958253426900132
200.31434158934462
0.28124205753658
192.09245364222548
0.2715594882715786
177.98575904770934
0.24102282901669472
0.0029501909773508076
2
0
0
302.0467798574493
0.22998427844137573
0.0024050049402467894
5
0
0
1724.9087191860774
0.7307803496235321
1353.0100093049311
0.7127843492466603
141.52290742299607
0.24801030407129954
136.65996931805256
0.24503533891863413
0.09110383101943756
14
0
0
2139.279198845843
0.5650043755981722
1064.8706556583686
0.536480747250684
710.9360594823373
0.5056072129436933
535.8402220127306
0.6059321703390531
425.3297810790051
0.5166661062545529
354.4602650530566
0.40648450448789863
304.90641715658126
0.39554649784834556
267.7020927897615
0.351913907112425
236.9859306077005
0.32919891845250115
212.8617989547924
0.27024773223695886
194.63601947503943
0.2365882328489136
178.27263274131343
0.25733509589696485
164.7878808977792
0.2501305419849205
0.04283634605610672
9
0
0
2254.8983402638673
0.7107797757904294
1119.4433858766351
0.3030197178349193
146.59930762516785
0.3020954067756248
137.32235808049336
0.436474946616201
129.900302425866
0.38890595232258984
122.79384448134167
0.25907214396625067
78.13310185238896
0.30549905911220704
75.40733881329601
0.36642253304735767
0.22540164846665528
6
105.49004396303823
0.7545714706535901
2397.4898862975288
0.5027140007157216
438.67924342666026
0.2346797615056761
215.59382597420702
0.37140442256527467
110.26717767704392
0.5632367725867803
0
0
0.2685516016155039
7
102.35435917103418
0.8325511948205433
544.1556866051111
0.2536943983531655
476.438680743312
0.23275147780216107
241.42467507817392
0.27679000302915274
176.46790386103473
0.2434902099357453
0
0
85.9781903000866
0.34107598225532276
0.2779123268160004
4
103.5067442440633
0.7999265015432954
240.2218327427826
0.2777120770970304
175.57294747748514
0.30692375280631223
0
0
0.18605811956656204
3
109.4844600643861
0.8235744356656233
216.28175588375893
0.5871463591238564
0
0
0.16836430358083143
4
114.58913018303629
0.798590385803365
0
0
82.11097754750603
0.38255104563402537
80.90723431074999
0.38202485238898076
0.3925206138146955
4
120.19114867957492
0.7663693044717735
239.22397812811352
0.6004189413184637
0
0
80.41566544138478
0.4183016034307014
0.6086863549178961
4
122.94753124262145
0.845617737697256
245.87145932905275
0.6356923400318839
0
0
81.88074211539508
0.5623592430633292
0.2203596185273991
4
122.35081699437822
0.9422894094113141
244.19854147382836
0.7752791385343903
0
0
81.45336134008359
0.7382207475659733
0.11192067855713567
4
121.87603136851602
0.912456850328145
245.16681064541095
0.8507115669134452
0
0
81.69792838544637
0.8153406691381868
0.0686494514422039
4
122.78762318538543
0.9647515173764931
245.3817065924543
0.8690597139069445
0
0
81.85253017279754
0.8643602803447017
0.03487174281941835
4
121.70742744028595
0.9560810511771041
244.27260902796493
0.7467069135306295
0
0
81.45168581089388
0.8143810440737999
0.040650264295702516
4
122.55829276300761
0.514890142603386
244.5865018152485
0.3707467077717329
0
0
81.49013679896383
0.4630878447917503
0.5689967722281479
4
0
0
559.0401148667838
0.6149712474148446
276.6730552201706
0.26893352096913103
154.80644140086986
0.3286300167224008
0.96650781496116
9
154.18288955217915
0.9532458014891873
609.0037009541487
0.7917350651525381
309.1266295207241
0.6970682254059061
207.41348740734827
0.7926363802706518
0
0
123.23359716730366
0.7517907953805312
103.02106854069952
0.6495248045635915
88.58689829816721
0.7532333772914102
77.097683201468
0.8595935758670745
0.8527733899517904
9
155.73747162289197
0.9855618648904614
620.0782860850325
0.8529249577463773
311.4515798212838
0.7953556807013799
207.9410970242008
0.8530175800352456
0
0
124.43972080706489
0.8422220258600409
103.81693342363172
0.784868198101778
89.04462688017514
0.841233591425896
77.86659340484913
0.9575597801261695
0.6656648349672188
9
155.63913542802766
0.9642493626123676
623.4974755434776
0.8469947278551869
310.369431501967
0.7721860288300189
206.83047896661932
0.8428764329459222
0
0
124.21077448474306
0.8058687040499993
103.456898439022
0.7315335882056646
88.68884876615861
0.7923746917129361
77.78416672290024
0.8764664079486145
0.4320872844580039
9
153.57418125933808
0.9581883410450518
618.1180672092949
0.7434147410200045
306.19028287011196
0.5898785047709932
203.9069972965624
0.7571281812946518
0
0
122.85380468210563
0.6962522916363172
102.12706447723873
0.5672550474677589
87.49729180721373
0.7282946071753271
76.73302293292065
0.8749354300092026
0.25165926434571917
4
151.38797167779683
0.7260153885389182
0
0
87.61951858425536
0.2735624671584471
77.08578169054654
0.39191389542568617
0.16125672697850324
9
152.5751128710666
0.5474456410128294
5054.851660557088
0.7479599294698817
2389.6600289011603
0.3402505994684299
319.21717159567055
0.2498090283936994
300.5473199785145
0.27468850056601146
0
0
102.48931295553454
0.3093538165539609
88.0461880240572
0.2918428556402993
76.28081672291162
0.5328031885713457
0.08646898529451041
11
0
0
5803.890679402645
0.7267106217226648
2402.4825438146295
0.45190055651032157
216.28751172097938
0.2684550012800751
209.1145424015734
0.29408964700040074
153.68162195575187
0.24069052169658162
150.64308447300007
0.3132826287717
147.8275606930342
0.2920777282410327
123.37723120269939
0.2912996718777782
120.95485056455396
0.28577316991284774
86.92759534642563
0.3988506669158031
0.0925897940544751
7
0
0
4194.158685791548
0.6753805209555899
2212.064733501351
0.5477724377326536
1448.5597780695637
0.2914393066755656
158.22782493447073
0.2604667763845506
152.68331226725837
0.23260066492541517
147.93904153558043
0.24275139354757755
0.048324809615062456
15
0
0
4324.050102699687
0.8176798115863372
2211.034198926741
0.6582695019367136
1448.8205032027292
0.4728725952646461
79.46935678356164
0.41305918485539744
75.49526534579513
0.3790224884408142
76.75715105822096
0.43278340697222367
158.9266004434144
0.40256511830602537
153.47690173984944
0.4422890926809141
148.14788956759975
0.4568392186864938
143.20853875615845
0.45358204028069565
138.48350882283034
0.4102927807775769
134.88935234777966
0.39944131905350355
131.16944822664206
0.3583871047702747
78.0936907161233
0.4342455927510611
0.18323267412558017
7
148.07983026685193
0.6600967897815724
159.79801834390668
0.44408913592103605
153.49572871805978
0.5356887677905322
0
0
143.34000038590497
0.56899061393587
133.07343345966356
0.26978997315749
75.39983449391366
0.31352157310065576
0.21673946898553176
2
137.15844474782887
0.6673748787942614
0
0
0.10907919864550844
2
131.98481615160975
0.7273297945921153
0
0
0.061724758505049104
3
128.37135338248996
0.60315331948562
1429.458202765542
0.4336753680014961
0
0
0.038465893654532256
2
128.23883501336317
0.7029068946933732
0
0
0.030850267622542147
2
0
0
128.09068839807253
0.739115580603439
0.014253784785464605
4
0
0
224.378134510039
0.2410433923662405
125.22901860955105
0.5246938379887143
79.02489156570837
0.6591474959552129
0.01147016401221634
4
0
0
245.88956647106696
0.37450812634041614
129.5834646294728
0.6297413473276837
83.18657616025499
0.5216542868281905
0.008794021160740144
2
0
0
123.07354208186247
0.6898960119925945
0.008769653746754397
2
0
0
126.72593269517664
0.8990000069922618
0.007854514174497904
2
0
0
128.08509438888834
0.7883329313546988
0.00468426888977694
2
0
0
129.64229942435418
0.6975147818625588
0.003602055501453139
1
0
0
0.039187358711639274
2
0
0
105.06672372047572
0.2690924635727095
0.06055342161195319
2
96.81453404101211
0.8664912197881438
0
0
0.08768536908009322
2
95.50643444450773
0.8888546834748937
0
0
0.07302304344622022
3
95.63284249210945
0.43869051595932457
109.26679944643654
0.22560384884300427
0
0
0.04701416421062967
3
80.4356363186954
0.5683849165103326
201.61495435923447
0.43136834029279303
0
0
0.034362802444165945
4
82.49141724989252
0.8906959897312035
199.84186970338232
0.292306781009151
141.58956140679348
0.3029110920186295
0
0
0.02103449152497869
3
0
0
155.80966260254678
0.3700891609165412
82.28625221205795
0.8764901759363191
0.011683471414766337
3
0
0
171.36850093063995
0.593415380737713
82.47092408058069
0.9417123640443572
0.07538774538561502
2
0
0
123.875547746404
0.5242478734907036
0.06109740698979705
3
0
0
146.31681929288382
0.35588908656576357
82.8961647950369
0.4927163813442119
0.14076676132019694
2
0
0
95.69271587943362
0.34184757589825654
0.1326776651604605
2
93.36119774482165
0.6160067590728605
0
0
0.07014665390148211
5
86.04880395623147
0.47337235401008865
336.59242822498516
0.2655837809688042
171.35314616436025
0.31880115053860114
116.96441723644159
0.27588938333259305
0
0
0.09088045245219076
3
83.30687369984582
0.9279875707465535
168.15476349919584
0.37467145439583566
0
0
0.12371337559716045
3
84.10882506035594
0.871409954804088
171.06413666355994
0.4214735234965104
0
0
0.08365257858523184
3
87.29759054369963
0.7698145745753489
172.89923994470803
0.6790513265319726
0
0
0.07253792361583107
4
87.25293511513303
0.856595814436931
194.16717745152454
0.31076112892637603
161.82372312009713
0.3159377648427494
0
0
0.0763119233410059
2
85.98492139528842
0.7984470909682575
0
0
0.06763995001412217
2
85.47777958001454
0.9695706876682121
0
0
0.07379348354117973
3
85.27441918757106
0.9273011917951729
171.36531710324135
0.5752552927353954
0
0
0.0918283002059524
3
82.65725638881906
0.9428531442612096
174.25839918549377
0.38074688264337275
0
0
0.06329586817227369
3
82.05800294595315
0.9878134630387465
187.0557807417455
0.3887307356277397
0
0
0.059014592434456566
3
82.58164839458642
0.9286402186182035
185.67691301333988
0.42071828822691026
0
0
0.03598537147855046
3
82.73701713257914
0.9724344330639372
171.2239703993524
0.5733048282506585
0
0
0.13406125354228662
11
0
0
2853.6700126849596
0.7049090815346266
1400.149247790379
0.4878301596786764
918.3009048250613
0.256200242325574
177.88791083535963
0.25325660733069305
167.1972730314545
0.3358452103571052
157.86612280804383
0.3134481571677752
149.74838529260714
0.2691020359532087
84.03821545948514
0.2558241244433514
81.24722770455351
0.2610000828750113
78.8230648181136
0.262632540409682
0.11477604503467499
3
0
0
124.57881062148466
0.395524959919114
114.68064613958275
0.4139839206687011
0.16646439488475265
3
107.87347834357239
0.7718539871280513
221.43232122646467
0.24542357224435338
0
0
0.2054926221267141
3
103.25433258512918
0.7195694665865164
212.16947355296472
0.45501913018380896
0
0
0.22772294062678405
3
98.69090554930905
0.5577600405563833
235.69447131651197
0.41138736433011325
0
0
0.13682800279527926
4
0
0
231.10486152180482
0.28588352820004675
102.26444840625737
0.2618510027854122
86.1214566878062
0.26656735332463094
0.09924041742523333
3
81.56642817404023
0.6749790781207711
174.5686856437167
0.5004307273136923
0
0
0.07027664694117526
3
82.15184667433938
0.8447394297037519
153.0076716514792
0.6668966202239542
0
0
0.03705754580192388
3
82.93377044386051
0.8808997536444284
160.15248360016716
0.5440246409925436
0
0
0.02367767581206439
3
0
0
169.81436249574807
0.8095969604008992
82.60867715351604
0.9016185631050749
0.015341762415884051
3
0
0
167.99230225905796
0.840341059253063
83.99650315761576
0.9472417492398575
0.011360694694747805
3
0
0
169.68191986605933
0.8730254102507558
84.02938254623632
0.8744777674778095
0.007688968744932752
3
0
0
169.049640679631
0.8322561830073538
83.6919017729177
0.8897642243293684
0.006583346764912743
3
0
0
166.20510279042566
0.763711898046526
83.14230478538008
0.917526412748573
0.004177403784253938
3
0
0
169.07239616278108
0.7373185885002648
82.4352367109267
0.9810983045560469
0.003131554528331373
5
0
0
177.60828270249314
0.5310023440338719
173.74357471354514
0.5313702189311591
166.0481969331728
0.5270443012694518
83.63808763977595
0.6447116870619982
0.002716911622283877
6
0
0
170.4808088475072
0.40244890976214864
165.05893023799896
0.4007579554921584
85.83469905837886
0.5274927826956344
84.75997933544906
0.5278908729228279
83.67384758618186
0.5223345820830994
0.0026674263895683794
5
0
0
86.80680448551135
0.3665473459269754
83.63438391693956
0.3097261725670307
82.76969793637524
0.3078769135352403
81.7887124571044
0.297583586103169
0.002164551588662822
4
0
0
2404.9763032943215
0.7132886487835239
1465.4603639145917
0.7397249433155407
465.44603984070005
0.24899020948333406
0.0020864539194351303
3
0
0
1519.3163350839743
0.5277668029882059
83.48489677689487
0.24509686163804814
0.0030207538146549166
4
0
0
1570.2865992294876
0.6895596420880675
770.3127577417705
0.44657377486672334
499.6916976975903
0.260405840183199
0.0026957785840521268
2
0
0
1575.4839070538587
0.7668890199367293
0.002189001592409298
4
0
0
2368.391886334353
0.6875089200263052
1485.9287337632475
0.6962005457321585
834.8997522936696
0.4847871431259587
0.003590007714186634
4
0
0
1811.4575866359087
0.7955132087782761
863.2676209776406
0.7130740781731653
306.46336448750884
0.396784570523733
0.0028927060711483182
6
0
0
1725.240416710319
0.6995379522500422
1491.69295655599
0.6988090478396545
848.5913484546435
0.545681085866129
118.0051994787342
0.250915318144582
109.08502943425361
0.24121015075425178
0.003018057400088364
4
0
0
1256.8893743232945
0.8218007178580745
423.01297712607277
0.522051765093898
321.2026980847201
0.3783820690473751
0.0021410601479965037
7
0
0
2365.3912031768887
0.5740900296314703
1338.230673019968
0.6331616266849255
130.80497867409662
0.24560761728280076
124.12249138485183
0.25965313409195956
121.93196491043764
0.256352413779243
119.60262240760878
0.23996082202077373
0.002503470985228958
4
0
0
2303.6181428320024
0.7387208076013605
1370.2400219203355
0.7048022408700227
1141.2728982097076
0.6956349181840301
0.0022192691932356136
11
0
0
2318.5711005926014
0.7462406344337115
1500.54107428819
0.7447534067160805
1227.8566219410761
0.7556224329523835
672.128186570407
0.6269239725913987
588.7756302189166
0.6252503874295475
483.39484883388
0.554467135739256
388.2573118296631
0.49333816746259423
307.8177526363917
0.32908989662884963
280.36137943080945
0.2722789832669042
264.83957433414594
0.23577323960685978
0.002018216384770357
6
0
0
3386.3810121066595
0.5207844507524094
2262.0045993483154
0.5254911503647559
1270.193289244861
0.5318028143031703
744.8194948916128
0.38054439857187566
614.4848858384107
0.28544553703390796
0.003082707698241773
8
0
0
2368.045334136526
0.8802655938273952
1440.8379081055577
0.8778235458587694
765.1703947124871
0.8033619264021282
374.71728806210405
0.6058878134585074
352.43421721313285
0.5974969432502006
296.48605271251796
0.5147673193314659
237.40264058631297
0.38847251132920524
0.0021697321428473804
15
0
0
1739.0935310221082
0.8170310076822102
1424.2217593907696
0.8154443065682272
677.8280477965653
0.6818367436131789
472.3898162986738
0.5371220985961026
444.60381768384605
0.5351413015466796
413.303012882361
0.5125995492656492
335.6639277600946
0.43330517682118064
312.95876046860997
0.43609831443455743
256.6811385453474
0.3745329502816369
238.35042722566814
0.35202209517563543
123.9523447196058
0.31818266193068473
125.8955859490564
0.31724378128932923
130.6747016654733
0.3406126131921628
120.36314272507798
0.3454314216507567
0.0022827562916919
5
0
0
2418.963159925864
0.8411988053399659
1815.8847605643834
0.8389623557484319
1474.2890112221983
0.8198274719275474
883.0726054452068
0.7279686307737833
0.005471675353060528
7
0
0
2746.6267185312995
0.9010077034895881
1371.5225462491048
0.7258522654858395
915.7664570968135
0.5287022339060851
688.7520268299322
0.32435860022478125
120.79712142354234
0.44686134632640834
117.34220017157887
0.4442820265789327
0.03826549502758432
11
0
0
2730.492893102497
0.8672640908269058
1385.0412162671885
0.6083938784639332
942.1369567905514
0.2982380365786356
100.19276243171043
0.2516631839911214
96.80294919711437
0.4372531407224253
93.44314411518141
0.5661757930735423
90.28805638543182
0.5974334272321964
87.42958170673603
0.5329808340645689
84.70238074511592
0.39316058032971307
82.16843268601433
0.2337070484725583
0.07037533080111837
4
100.59861452526114
0.6753059052258355
2950.782161333045
0.8371891020403344
0
0
97.52916363912335
0.671698900585755
0.13563737083003258
2
98.72655242280573
0.8789683505382122
0
0
0.18839280824822718
6
98.2892730955861
0.876413241951991
382.0332308237044
0.25270473362538937
203.13963601575202
0.24800497351506814
137.79362076868526
0.31890147568100985
0
0
78.61633827082352
0.23548371647966365
0.2158599533742197
2
96.98185600391034
0.8808107408934515
0
0
0.20359833477704997
4
96.52210878128872
0.898452633374681
249.4980102534094
0.35721580065948927
160.94030272340214
0.3547892858020739
0
0
0.09252006559565477
2
0
0
92.88345699356394
0.24648460825502574
0.11682874082211533
3
96.38319101705274
0.7176531577293609
258.9399600861981
0.33636005022471793
0
0
0.2263082556602226
3
102.79265728860818
0.7660034887878352
202.72090579621803
0.43263354454062836
0
0
0.2874451815595771
3
105.33233106284901
0.8807804962399398
209.50118240702204
0.6036228495479735
0
0
0.2660585636534127
3
108.66131334245577
0.92190168855483
213.24287834796445
0.45997687443840873
0
0
0.19801644877905333
5
110.51562039715054
0.9174250109404973
395.25726087728765
0.3450916411800947
152.34642153505138
0.3098973239769533
0
0
84.3078793884562
0.37764673765028234
0.2267364559070273
5
111.78128713239917
0.9401764797423443
345.89792860491525
0.38349188192894285
163.52533516990968
0.3584461791534624
0
0
84.08100522406775
0.4114599735227967
0.19053175508799045
3
113.361469268345
0.9371853489469212
0
0
83.89654022750345
0.26500572921637694
0.24134051141953464
4
116.65273732836184
0.9646266498010545
293.8928019393469
0.24283103785678592
0
0
83.51315515953924
0.3316440266353702
0.23138192566118687
4
118.32948946460543
0.9707837474000655
235.64632722722666
0.6623223315228657
0
0
78.34149244713377
0.6482017868450413
0.3047601621762628
4
117.94622622495545
0.9773003725725316
237.43517577328137
0.7345214710078937
0
0
78.99649109317508
0.7289959822166828
0.23691464949204064
4
114.05794526196321
0.8890006756462534
241.6046023079363
0.5409999557727282
0
0
78.4269169676289
0.5023233988902576
0.28503525449806427
6
110.39497972734706
0.766627478602044
2799.2471283886616
0.7008302697609189
337.2289998992724
0.5137146390767768
166.99152241752032
0.5645754433632825
0
0
83.89199564808209
0.4650930423632809
0.1872541106121891
6
110.55517444133415
0.5041083265810379
2496.89130728833
0.7385237282812941
175.4268908038256
0.260283567613815
0
0
104.74961556186337
0.49335554503190016
100.41273842744005
0.36808055067399026
0.1306149369581933
2
100.02539564682345
0.7773252984615422
0
0
0.05408396926686207
3
105.75300646681607
0.6662219798415676
2756.7048150451487
0.8417153017966721
0
0
0.07777750807450962
8
93.88592635413585
0.46513923982280486
2519.3290660996604
0.8129365991009129
106.56181165934409
0.3169184136551654
102.36258540820964
0.4003255740651264
97.89051020635809
0.4408099645621987
0
0
90.1354076119157
0.4427064959800816
87.40813784689692
0.33675734427968557
0.0906207571030122
8
87.71010836358163
0.6210581015292859
2572.234028323917
0.7735326007897408
1141.910760127248
0.3788947484339571
107.0858606087926
0.2588809037095813
101.65887865319208
0.2542225000453044
97.92933043857353
0.23086324455809418
90.2631609036398
0.5293012068399636
0
0
0.06930232187953213
7
84.7348882893928
0.7140854830209054
2526.2089381711694
0.7753078729003599
160.5396545901423
0.2312202866200415
87.63760982391874
0.5863374219401248
0
0
81.94822747139649
0.5324315246575772
78.89895905997497
0.27218419451908493
0.06746728792562771
3
81.73338422731116
0.953527230550857
164.33231406022733
0.7760781306062704
0
0
0.0744756566252207
3
81.1848470402551
0.9751164666691934
162.67603403623906
0.8328587673238039
0
0
0.05158859470797545
3
82.11872064408485
0.9390124820954409
165.00224688603734
0.8376583097397384
0
0
0.02955924591471938
3
0
0
166.0906050177001
0.9334682161525645
83.23409654451109
0.9742804328867135
0.020941118021238957
3
0
0
165.905695603522
0.9598504465692137
82.84149074682122
0.9534344244743455
0.016999152350655047
3
0
0
165.75696186225616
0.9461557674447918
83.07343877128055
0.932940415805076
0.010135488292576936
3
0
0
167.34491691560513
0.9383531915884773
83.32839159910061
0.9581810107290776
0.007563289902577011
3
0
0
167.87768041002556
0.9208547661946543
83.40759619896714
0.9354630417894682
0.006468843639281649
3
0
0
168.5637377407098
0.8313435760716075
83.7944348878045
0.8087763414203479
0.0061568328293977095
4
0
0
170.0058395983579
0.6472487153504481
83.68828735958606
0.5110094162010661
82.90177303869533
0.5106248379425369
0.00398190637147367
6
0
0
185.99968764301715
0.5727884061760719
172.92406150815674
0.6156576076446826
86.52288362384905
0.33005323441273604
85.34820349813093
0.3294379920820716
82.22685579579384
0.25761296581021914
0.0037468970469635055
6
0
0
2881.1322935802714
0.6176466356920075
1441.6602526667496
0.41864982118803246
876.691500543672
0.3911911629041694
688.2731100533562
0.3222966681200064
557.7020053043685
0.29155661308202585
0.005693676255526262
13
0
0
2827.083966926333
0.7043504066885321
1387.9869380025991
0.5359123935116985
873.970307029787
0.5595442412009003
685.8454232642228
0.4885559579989993
557.0887073921285
0.49060644121691926
470.6899161804682
0.4375014881974716
395.2099580193092
0.4081058161705582
342.78815979362264
0.3769011585060383
303.8572941756343
0.33818005558034653
271.021641042636
0.2975295924120087
244.96024223234258
0.24515824485450383
222.32789399284897
0.2398225826317431
0.0056890655331289924
15
0
0
2530.6946651974913
0.7290289702742812
1805.9455467500848
0.6874816615279107
1368.9186461761249
0.6575851187084452
1129.0460934703324
0.6712862313152529
826.676411392331
0.6246033641562698
602.7436617518872
0.5274625851684546
482.3825370367887
0.4640981805286948
392.74665101687367
0.40366528807283947
338.1244114764113
0.3281765162490606
302.6795479271913
0.289035838662034
271.28435706274394
0.3014339984836326
259.70371567413736
0.3089655694609687
235.40470771385625
0.2905131796329698
177.77985172745872
0.29088106991131824
0.004048804366307907
9
0
0
1867.8306631181422
0.8812442420969837
867.5984621136145
0.8123705060250274
593.8504153897751
0.7426356560365118
275.8532550054129
0.4362279210605881
265.37617415367134
0.4401356153550929
230.44152996774403
0.3790395003047887
199.53384160114965
0.32843889783420605
178.42055432832674
0.2980283317428209
0.0030502675025666625
13
0
0
346.28056698011596
0.5471420082155858
254.21230945998485
0.4339882181157662
237.40284714313734
0.4174205353845143
229.602510183495
0.4114396072367805
223.25745626408286
0.411103662355792
210.77468855540263
0.39616931230351843
200.72557813197272
0.3870548432837396
193.62926476006797
0.38210060005308943
179.84111115361898
0.35897997763153466
168.2106300903882
0.3351727461977371
164.34420875361064
0.335068062347606
143.63761602872566
0.264493178592318
0.004236461628697013
2
0
0
1498.566866303021
0.899682881420641
0.0028300125146138114
12
0
0
2339.0851758083154
0.7156252170050653
1435.217341672268
0.7587082115853291
1239.2303300793862
0.7599851544822165
747.0368540816562
0.6641582881539168
621.0657918393613
0.6671504032542867
435.3198696575321
0.5370381686455907
410.08037826845054
0.5311129576172671
340.07846668078474
0.4311012777450105
274.17471615857016
0.3305530435104931
245.77560182790302
0.273049811226483
234.99029422839394
0.24780276348240585
0.004081480800964315
2
0
0
703.4577289216938
0.2864520055279645
0.16089597490874297
7
0
0
667.9753495848765
0.4945147379382862
170.68452774267553
0.28326273022564
135.54511835277845
0.5801213598154112
113.33476379036831
0.4699032457511123
97.8955794196364
0.38465741094639366
86.04835073930904
0.23313962999049123
0.3824919504426486
8
0
0
680.435539657619
0.6705284056757106
348.2461084230658
0.3880944319596177
233.62004367069284
0.2899120107003283
171.04231769163096
0.27709232243405635
135.64757160423744
0.35034006632530573
112.36819256309474
0.3402766361365229
99.97972321444556
0.29356627249006717
0.4565228821790917
10
115.07906818418175
0.7517553893074411
675.1318733819686
0.660664516059013
337.32692500900566
0.4399252878677415
228.72481904695752
0.31112095716218735
173.83917701297227
0.3218844637004258
138.43142720835036
0.5207592752634758
0
0
97.71426243326349
0.5780924907466932
85.14907551202892
0.48212693759370595
75.8310486973612
0.30238814446952067
0.37156509089152795
7
119.64757107618877
0.7446555345910474
647.4386575951353
0.3735958114562413
297.7816065413001
0.27340313098326086
146.37715400062882
0.32965496729157984
0
0
99.52822702635255
0.3149352676102159
84.53770206567776
0.28484023384234464
0.3420240922951555
5
124.4332880511895
0.8431696652043875
517.9969679733016
0.253345784533629
248.99564943210805
0.6307976033610139
0
0
83.21950006943088
0.5196673408749617
0.22341716033348752
4
128.72919116856048
0.45283097947903034
134.7418559310796
0.42191753348616445
0
0
80.17790288039478
0.3441064521207318
0.3299561905124028
6
135.7689391766498
0.8736285127735932
271.17150862939013
0.47933094608855054
243.07877625999095
0.4462701121465144
0
0
90.26649252940086
0.35880939234520826
87.12303908575518
0.4173023664466502
0.19363194079091087
8
133.21878829570187
0.8360947856082095
2584.6333475008173
0.6462928365084975
302.23725142810036
0.3548189851994447
264.55810995026377
0.45237889482163646
236.06598349831927
0.2690689097272658
0
0
91.00896181552088
0.3624969351138366
88.14831353284563
0.37055746594554867
0.13696532019916816
3
128.07708976899696
0.6606303501787616
257.32353382727985
0.5918708350638495
0
0
0.23978568860257576
4
127.36123976741328
0.9368157706053693
254.46624528102348
0.7736038420032374
0
0
84.95559126267328
0.6585089149287745
0.19653838455626624
2
138.08679418843917
0.6990294573878816
0
0
0.4399386596684961
5
138.8334863248751
0.904795169892861
394.68005252683923
0.30577196849096955
218.59592796466092
0.4077201940027441
0
0
85.9409648057392
0.46462567721062914
0.2907528961539552
6
136.5084564744081
0.9633341403064222
390.7625309464828
0.45735952956043013
210.31428535172867
0.496586847964648
0
0
101.44553024043515
0.4200544350966656
82.84291233203516
0.5205952470413814
0.1908569189599096
6
136.0539354197597
0.706420538381392
373.9254707941557
0.32097706333866116
212.51240203154342
0.458433574428422
0
0
103.73478784244111
0.2542898857331318
83.77145256234381
0.3577735035668242
0.14589973145660454
4
126.87051228438567
0.7803633064368739
248.58576291923896
0.46052328534080833
0
0
83.53299674851284
0.34722610314950536
0.08075343524160203
3
131.54792744544218
0.5197922547243323
234.93286806517528
0.25561970505452336
0
0
0.059780870498697125
4
131.29502260174445
0.7985325853692119
252.29660246367112
0.6064934914961321
0
0
85.88151941461551
0.557699202719672
0.019839465116973588
3
0
0
264.05403457894954
0.5975724889427015
132.76620983585596
0.4783029775640831
0.01977828830729606
4
0
0
247.68782806065167
0.6355793551378152
128.0341715300781
0.5560497248559948
82.40230306274889
0.3240136802525188
0.0181955696628013
4
0
0
254.8947701030335
0.49959159366262806
129.5213244383385
0.8079117904796086
85.14419112606791
0.3172292967841898
0.10755917796513806
7
0
0
3294.3806346674564
0.7939322808109722
1647.5187345800764
0.5339098570668123
1108.7877765297376
0.31455875745840634
838.5370143663702
0.23713531176198366
669.9657773837322
0.26630680668722534
556.0735299070491
0.2663454353940974
0.23084782045905994
4
150.62000158813464
0.6516534855265161
0
0
78.57773481584574
0.32004615805249775
75.78705039195201
0.2905110154387709
0.3478627130615892
2
142.72265465851416
0.8989344111991308
0
0
0.3004385346408183
6
134.82824845612896
0.8497780109963753
411.2511153929348
0.3959691957363186
208.26452120686827
0.33147895061725713
0
0
102.527174400341
0.49347139748431434
82.64413567796579
0.3552992087124254
0.3965535207849314
7
124.50971796226563
0.5851625409975817
494.5373005874568
0.49502239094171446
246.57285263357136
0.4396961827222007
165.8130073163991
0.2677020541572139
0
0
100.57298429025862
0.3702827448790465
83.51754327586745
0.5094938021257935
0.35339752344939285
4
118.14659150694274
0.7762110441106997
241.4111122059497
0.5050485362743722
0
0
80.16968044321233
0.4372535253556072
0.3313594153226387
6
107.51470564895533
0.5785713595744296
409.6462803426002
0.24050572320123215
217.1326856451686
0.25502641236275714
141.8503714744231
0.2871625613204287
0
0
84.89779551530727
0.39221963145722205
0.2455470632996964
5
99.73422915330525
0.5693750340224578
230.32804592014128
0.3213429256953767
124.00493531373012
0.24307887993737268
0
0
82.02700900100115
0.33036171588696445
0.12040582490789561
4
0
0
239.30390396364996
0.5289859677757554
115.21991467346415
0.28080980865867633
104.73209145505582
0.29661703784944854
0.10386604103486509
4
0
0
223.93869198540074
0.3991954989752598
123.8184994595362
0.2455743884783773
81.47909861524894
0.3597233494588477
0.0556807344494555
3
0
0
134.55027619312318
0.33778235125763256
82.55179489999682
0.2929041623343403
0.048031052698128504
3
0
0
231.6797757552574
0.46312013242181754
119.48253318878143
0.4852177769606032
0.02581866910115509
3
0
0
238.39260201933195
0.3784988427835221
114.37611133466682
0.5253589705018515
0.00899514253678218
4
0
0
226.1345666075846
0.32045221351866837
131.2364271256734
0.4386217564410394
84.52370086403025
0.36997208069989296
0.008712229216797438
4
0
0
235.3060094978186
0.6040623074058679
119.58224557900549
0.5718802732007217
80.50252182635003
0.2751701522471069
0.00744986003127999
4
0
0
232.85397845083548
0.42593444626444993
119.41953643640382
0.6865880224926025
78.65946667262708
0.26830726763802737
0.005791738533898903
2
0
0
126.53967441042948
0.5575953688616474
0.0045642014544883544
2
0
0
125.00440412225022
0.5746651928411959
0.0045945303929587995
2
0
0
125.60905718755475
0.26297977213970086
0.003830989351794177
2
0
0
1788.651637538533
0.8240613621709897
0.0034321755637781106
7
0
0
1848.1473795879213
0.8594912062898134
922.5789755239802
0.7669003796078372
569.9726364526454
0.6662110292802576
435.90826746048396
0.5854170286211575
338.7198359905119
0.5278948484610174
277.01461716130956
0.4587764795754174
0.003311900593198104
4
0
0
1783.9788640412141
0.8645237211726458
593.6510667208346
0.745411390885817
296.1970484421433
0.5120746835283904
0.002961357452756894
10
0
0
1801.4780048275531
0.782695976557506
1485.7145877499095
0.7721892625377892
677.0183091271363
0.7371557934312875
518.8591206133682
0.7049434015924202
367.8577492252257
0.6029337471907507
282.02649931421684
0.634724793468985
192.03515074037432
0.40750877651862133
147.12362489099613
0.22711685984048158
144.3464113589895
0.22875380204552487
0.0040804711998427045
3
0
0
1715.7278902358623
0.9114683518672829
297.6397837792645
0.6542189311193273
0.003145899842901115
1
0
0
0.003829607430927539
1
0
0
0.0032843744421716687
3
0
0
1518.1755482638646
0.8589118805413192
1073.4039989168555
0.843475116715444
0.0028752712361497044
3
0
0
1764.4979102245843
0.8837035613052386
277.7616581428231
0.3826798630528462
0.0027429927921142545
3
0
0
6332.6022409605375
0.9393540702138801
1764.4009592200546
0.901161146326705
0.0023605768998284983
5
0
0
113.47893854341979
0.5309050384237947
111.1103149769127
0.5158744204619553
106.9091736573871
0.4548869576084371
102.3548255707236
0.40429372378839407
0.0019599259393590683
14
0
0
2365.359982032062
0.6463126083089468
1505.2981180088013
0.6062368654309707
1232.1870581566936
0.5710424310896262
1038.0224631948379
0.5637277766404564
798.6501357460525
0.4554146164129776
128.13298051175153
0.32480322931987093
125.79721478886111
0.3438059958451304
123.47137600818958
0.38257680100253016
121.51876912662499
0.36639237383024026
119.39293821724718
0.37582370070159105
117.07909937656984
0.39635790941576793
113.78589715201574
0.4110329829538212
104.6438799025168
0.2878700805327541
0.0028409374519453795
5
0
0
3555.343371519453
0.8017080927681894
1816.7113712350954
0.7345634662002005
1467.2994786493591
0.7228250557901274
576.6049361129906
0.4955114388365769
0.047202851253029005
2
0
0
140.28597771730506
0.23306125310275433
0.14703155895052136
3
103.88467862508193
0.8779717850371057
211.5915102053679
0.45838100554515254
0
0
0.2505582142803574
3
103.07237628738915
0.9680642104131763
206.15549930002928
0.3944467747051942
0
0
0.26197728606148757
3
104.16428282977603
0.9607470803864665
207.89240435648102
0.6192062273088201
0
0
0.22105418677852506
3
101.72626719389233
0.893437513425571
206.41124099069637
0.7264259966691624
0
0
0.20526325214802243
3
104.49053226324672
0.9112506376683001
209.73624829104418
0.8480211931750551
0
0
0.19456986388801417
3
103.86596884735431
0.9377761272829933
208.15942653968827
0.8987413879530152
0
0
0.15785094121294352
3
101.76510312431822
0.9645308025438946
204.21936336158677
0.8598685771421167
0
0
0.2007609895288583
3
102.24423037804792
0.6641198574646392
202.93367837581965
0.6128362822358111
0
0
0.3176033959305072
5
105.55210992459772
0.8335576253776913
393.1517248899548
0.25612804228834196
209.49486086497237
0.5328622666703452
144.5115968597908
0.2374645666280281
0
0
0.14740168599732814
5
102.73313295960948
0.6462567645005377
206.47797810145246
0.49768463002112184
138.08773643366175
0.24807683560719104
0
0
81.70477376068808
0.4283940047811157
0.09885035318342107
3
213.90160393768176
0.5798524771165438
0
0
107.85254430318894
0.31158440917415253
0.05106246273064075
4
205.387109388581
0.6139041534619734
0
0
148.85977108761963
0.22654825174104576
85.98474886350768
0.4696912940575297
0.031399117395375806
3
0
0
188.98632671851547
0.40046819510854736
82.4660198553655
0.42009702506638696
0.01983776937133642
3
0
0
155.73930351990828
0.2524990517069556
149.15646940609614
0.25243356404735506
0.21956112135182232
3
113.00278837794977
0.6986810715185391
228.60202532114204
0.3202416780258272
0
0
0.3003434729858576
2
107.82851295875278
0.87824930770066
0
0
0.25348317249735064
5
107.03433203092875
0.9023869554155585
262.35623966046217
0.3469216861729826
181.10772130581393
0.31508713851849235
0
0
76.34878828081268
0.3058732001180397
0.18589118940719643
3
107.356575420268
0.9310930462746033
187.0643476038946
0.2676768418947879
0
0
0.15833651036488722
2
109.27925092537525
0.8655990223191606
0
0
0.13652821039109744
3
111.93557520139707
0.9077797226618959
0
0
80.421287352816
0.2917902677831549
0.10214230996455309
3
112.22488589209429
0.9585726169736769
225.52463977168637
0.3532669662602867
0
0
0.15281075026687774
4
118.34098469674166
0.8699551043958677
231.70866955113826
0.3994275270524216
0
0
77.67147968182998
0.4431627093535643
0.30396569696156955
4
125.86977385905755
0.8374383784446915
245.05886565138908
0.412487305879189
0
0
81.28096994293198
0.4557919024203676
0.31685011135327545
4
130.1590843334606
0.8623268888621848
258.8635163189571
0.5085634734382953
0
0
85.9833176079442
0.4162203149147861
0.2699231881996946
7
130.52064385359557
0.827552272908589
458.9659762189968
0.29860004858013545
262.0124856520849
0.4311285825556577
167.65561593613435
0.32824913145486734
0
0
102.09989444598905
0.35038054309628625
87.1972799626511
0.2671699846157546
0.14202341668449456
3
131.87858973205542
0.7350994759553018
261.86731410553466
0.31561091515286105
0
0
0.16134848821221953
5
128.58390779300169
0.8625899879015492
256.71823576328217
0.6825248334871825
0
0
120.84956406057739
0.8408664690557749
81.78415959305094
0.7360558795748243
0.1961921766466274
4
124.39709658500556
0.932643806184151
250.68618120399617
0.7783055834515738
0
0
82.50010256607793
0.7484615595969079
0.17422860561884934
4
124.69156051100704
0.9767437760368283
249.00763294179362
0.7865657640142184
0
0
82.97386990101087
0.7508694002369556
0.1386662449545754
4
124.45619322212285
0.9820693363599699
248.17179596124706
0.5947257220811546
0
0
82.7262066717296
0.5774516285144739
0.08865675731365275
2
123.82963204962415
0.7513133326718016
0
0
0.2892611688682265
3
139.1638551304309
0.8095139090240463
218.11115102225466
0.26146479864658717
0
0
0.4302509745307628
6
141.44869791904398
0.9420762274585878
404.76962545815553
0.427588741232893
219.07785550146016
0.5003780724997657
0
0
105.3633916810272
0.36180132916201874
86.15264439377016
0.5286343065273562
0.35693768923426256
10
140.53488597026328
0.9966772444045488
469.30848905539966
0.23758888348846705
408.23160691259903
0.28181558524776523
213.66528203025618
0.2856308178783552
200.6248759484523
0.24291962222254587
0
0
108.01757083517163
0.2394164927979864
104.45535630359366
0.29911182783739737
84.66915009088896
0.28694373554447206
82.70226615519493
0.24824659413129951
0.390199163912426
6
140.1901185146598
0.9825862712373092
421.04529247268096
0.3897006978934741
210.54031861942977
0.386392927497184
0
0
105.39358627419531
0.3897595305978081
84.18416437136419
0.359342997150521
0.3466783030168367
6
139.28299311979296
0.9728500981478183
443.7469843782748
0.4884060566332766
203.1683131713824
0.44905141128060627
0
0
105.75849229856007
0.5016439973675033
84.23149203084735
0.44258322773722264
0.29896041167012044
6
137.58214653069828
0.9757033760795634
422.989825466621
0.5216447604673328
204.94905197537787
0.49353046916047105
0
0
103.98078903651123
0.5299130373953551
82.73051705138813
0.4619739651001024
0.33723436245783417
5
134.6983926726974
0.9466501537151604
470.5612823879245
0.26954831512067434
196.56748049474808
0.24417541551515787
0
0
105.57506526711816
0.30842305233571654
0.22566556063906754
6
130.50111155659724
0.8315547811636209
501.77361021176694
0.2896346062009174
259.43824554679196
0.31738427082231496
0
0
103.24113452644019
0.3228772707483603
86.20565327833369
0.26411536641228767
0.2102331810450068
4
128.7864163212386
0.8067559122049636
247.88471921056652
0.4273996037061276
0
0
82.8776364672945
0.33246126021996725
0.32837076929618714
4
122.44008396451275
0.956505038157713
247.52842107309223
0.6722755165398485
0
0
82.20965113104137
0.6981099909869278
0.3781259066817164
4
119.71618051584521
0.9111091482697366
243.54695985963048
0.7553833552462006
0
0
80.77695015118617
0.6970580780521368
0.23553131321414228
4
115.43158618989807
0.801076666021436
246.3522632823368
0.5801767010446295
0
0
80.19831762017931
0.5540214132752329
0.25662372615379847
3
110.08509463405022
0.7041903625873847
0
0
85.33450399828716
0.36570190560417226
0.19888292854678993
3
107.75654231054618
0.8739744998430087
0
0
85.6443744683401
0.2773191049639722
0.17060611614299195
2
107.76373920176549
0.8984062803836019
0
0
0.16727608757742898
2
107.73857830617766
0.9616603622533524
0
0
0.16880331211927613
5
110.32835946272887
0.9459390467456448
343.3892069535837
0.3573107057685323
158.52238778295342
0.3185764508058845
0
0
82.5747808536101
0.41650496171908963
0.21739332092829067
5
111.92114348708085
0.963851039994797
376.6415505115762
0.33900007200090243
158.76891587392527
0.33796536692373924
0
0
85.99418853559565
0.3103126835497317
0.23933232634167803
2
114.5746262923776
0.9341862494177093
0
0
0.2529959543123856
4
114.301586300141
0.9671399326479511
246.8356232255297
0.23813833935530024
0
0
78.83868260917997
0.2812774668218831
0.23738580793061242
2
112.25414565411226
0.9622520758439053
0
0
0.3025456241658347
4
109.67597109594297
0.9008094797702292
467.14781404131656
0.23198162544363504
0
0
87.85689369874228
0.3183607217114154
0.2288509946576715
4
105.83548340831916
0.6778171813059188
471.5627024931074
0.2672818490773002
0
0
86.63058795220596
0.26308388623427115
0.17544318900242784
3
103.21459473224029
0.7007221081764103
240.7804773605585
0.28443490656953757
0
0
0.09871170315983392
4
97.21228081485724
0.6637131609755561
267.80955208870387
0.4430709619610055
145.34594571951254
0.23456258698591825
0
0
0.05756284162714024
2
88.34345160248448
0.6569723152377669
0
0
0.10497400737835788
3
83.20922401110757
0.7384745665309467
175.59329696715773
0.3659089343562743
0
0
0.14325942038454054
3
81.84146884314484
0.8133824324927322
208.76609168783742
0.25691613457374196
0
0
0.11828830963911109
3
80.83623288940639
0.9843219363851553
159.4795153265733
0.35646461749110975
0
0
0.09460240191731333
3
80.178991792572
0.9812373646892428
160.51572299638298
0.41680099044485497
0
0
0.047650803782166844
3
81.50075112108989
0.8983028378140289
155.62693179241532
0.40967303306016817
0
0
0.028266763317152475
2
0
0
81.33918944194356
0.7692362299229211
0.02578146105244754
3
0
0
206.1340043216947
0.23780945139618329
81.86050832517599
0.8087825001703978
0.013519080935472974
4
0
0
221.35520250972598
0.3438468563141182
134.1463480350636
0.25895846261556604
82.89142769663279
0.8202800352932447
0.010015368527556339
4
0
0
226.86256882058197
0.44092789823967676
126.43503761382894
0.2531549182495698
81.09243865539948
0.6902561522893079
0.007359062102337584
4
0
0
231.3066997447691
0.3744027503458346
128.9028077170583
0.33575816884944193
81.88649299444857
0.6912833101355381
0.004831163885359899
4
0
0
229.38071501890494
0.29875112292836015
221.31978731516566
0.30184701255801644
81.75577694487087
0.3607811389820714
0.002608511193576449
5
0
0
236.58810893482823
0.25375100086827146
126.6506244312489
0.41262319581902274
124.62139824352282
0.41752391656863946
82.25936310536433
0.2869667363793967
0.0033002424673839056
6
0
0
379.57714712941566
0.3404851320215738
358.61513959199783
0.3323119795149833
339.2380911678326
0.3219419896750795
305.4386148555685
0.34611416665595907
259.37405023822686
0.3621996208941048
0.003457603437105863
6
0
0
1978.1791121980627
0.8677386944546645
360.699623696489
0.48244638953414837
315.57350470996323
0.44907596236319486
261.00378490163826
0.41101965677721064
210.61975792038933
0.26126113681139224
0.0035487501687536008
1
0
0
0.00341083053163195
1
0
0
0.002968751149164805
4
0
0
2382.4135607274784
0.9206440671282955
1452.5225308051633
0.9081747131198487
147.97833718447652
0.23963885169597557
0.004181972535708713
2
0
0
2301.9381165955365
0.9494441437453556
0.0033957845575757514
2
0
0
1770.0550497680156
0.9164527998765304
0.004602842121925205
1
0
0
0.003385580686165307
1
0
0
0.0029681296402814103
7
0
0
6230.241280737549
0.9635849562938071
1806.883623459748
0.9440833577873425
1439.2011174970237
0.9371866258402345
1072.6060597984708
0.9290068961121933
667.6807451828532
0.8856868582885518
151.11836775730922
0.27937005372825613
0.002482557631203533
2
0
0
574.1433251726237
0.5198939398066496
0.025445851630197157
3
0
0
2430.1821596476852
0.6808786420939514
138.48303532126943
0.26226030424785224
0.13194958620934008
3
113.45280870382423
0.5462335215037938
238.8127232661756
0.24735535159185937
0
0
0.16299537592719446
5
107.47975815600653
0.8196142703026075
327.44058563382805
0.2624319205808154
164.51928305686093
0.3304779476180846
0
0
83.12450336626469
0.32316149733962873
0.21360882091884992
6
108.8185950129125
0.8856463777394318
321.6245600676722
0.3224805123410187
304.87766023003195
0.32247529382408796
164.49068810954975
0.2783697094391871
0
0
81.49530384907797
0.3016719597475441
0.14923658675555823
3
111.79554220222344
0.6224826098304662
0
0
80.41733514539423
0.23626040632180878
0.25878092172661343
4
118.67627351167904
0.8231082674112871
254.85145456224882
0.3557699319333002
0
0
81.28226630157731
0.395199979090549
0.4706317146602702
5
122.47639726428612
0.9088199750836751
254.542138707156
0.6064718040307283
232.75552948184466
0.6357857161709708
0
0
80.20931982826176
0.5894540497691586
0.46809162762177425
4
127.31572070963398
0.8420889404097822
253.78408028227096
0.6856171150294135
0
0
84.42591769992696
0.5635618554729899
0.30267222312386804
6
132.86043404221456
0.6500184860094793
254.68931234978194
0.33923764016470415
0
0
129.64716673809906
0.6320200546696413
110.93863642327041
0.24894410143066184
77.12948614047095
0.5149189582100281
0.3628051582581462
5
136.4777539148764
0.8149258263410194
258.2102596998602
0.35079513954129066
233.45148466459304
0.40660456710515197
0
0
84.57897124785663
0.4096677931932857
0.3591442616163017
6
137.44262757692243
0.923354804451061
371.1682906522224
0.30608027366872237
212.77864488481197
0.313131412216887
0
0
101.20207172663106
0.3584488434814987
83.63065575339508
0.25756994494342705
0.4269432882502596
5
135.01859148585945
0.8509362382638595
217.80557789707785
0.23732004977716925
0
0
104.55392417609637
0.24685503423824925
83.21176711401898
0.29233936623633433
0.4637855428302588
7
129.84029330278477
0.8476523322154763
492.2552397283125
0.6147887245433482
260.7576861414521
0.5269977252321842
176.26602656293608
0.5437790492699175
0
0
103.80353315843196
0.5894717056802489
86.82443848587468
0.4547400375837367
0.42964772196820156
8
123.74596909153638
0.8656645510921562
520.4627681758659
0.3735566265141467
489.31581954821263
0.37328344804506497
245.3533050985715
0.635308883791257
162.47660434113953
0.430815177722849
0
0
98.6497107623565
0.3955449600570217
81.8127975039222
0.5797409372813357
0.4521144913679475
4
119.84368333686704
0.9348720022700714
240.63030850519254
0.5974817144239474
0
0
80.58134795608703
0.5694348968206838
0.3789513780022013
4
119.29387331295027
0.9438058875113883
241.42461069326515
0.7558884144347042
0
0
80.36630935796519
0.7138787532205169
0.2571724059325835
4
117.19714874887335
0.9828576762419875
235.3816596386945
0.7144997209813143
0
0
78.42273659043151
0.6996819130770927
0.18874950944315075
4
115.16778855984515
0.9886296830853417
228.76197732425737
0.4238787452041149
0
0
76.21076820081471
0.5181360957368527
0.23629707012394138
4
119.44324792066656
0.9816905581867222
238.7627938297307
0.5591319248297823
0
0
79.4963926179979
0.5516663792675435
0.3968039325430608
4
123.6798836507402
0.9599825871158211
245.83819573722369
0.6769261094215084
0
0
81.9773650546925
0.6472621292916178
0.352724587036464
4
128.63732259699353
0.823025049215558
251.78108397249176
0.5377215583063341
0
0
82.54699731352044
0.3828349872459451
0.35160658779076104
7
133.5466004955227
0.8255611114724679
267.8782378001847
0.49241951033796516
183.51595758941792
0.286320549266451
0
0
108.97889946734878
0.3792425816313044
89.42130786764678
0.2290277270777242
77.67409248082966
0.5583642525601079
0.38066616236906514
8
135.67732681133307
0.9386341086990099
546.8078960795245
0.4031524806760256
271.2451818178347
0.6234957664606134
183.4106890424236
0.42983980495450586
0
0
109.49970953358459
0.4593807031231359
90.43354163365558
0.5462534703969397
78.26389247907063
0.4943663634591264
0.395255057370296
8
136.50775426466828
0.8148534731984569
553.6988503617666
0.3539313148834852
269.5893392231303
0.49580998272885474
180.27862702533227
0.3671884809713092
0
0
107.40249779204511
0.3315691148504641
89.67272178530455
0.371288269305668
77.55730798912651
0.30348500463846434
0.09650605620629978
5
134.27907366334318
0.6036714373008415
266.2054493427707
0.238706497214023
0
0
106.49360705721286
0.2547451357782841
78.1564854618675
0.42397552071005146
0.23839831132328226
3
157.7999764221155
0.6016817361433408
0
0
79.10647493019137
0.43925985833176895
0.16381041886003173
5
161.15771969592538
0.5397435947146663
0
0
132.15561232564983
0.24037685436976344
81.8855281434725
0.5490336900640801
75.54032328969521
0.40644464829258
0.41246312685986614
7
172.2951492694708
0.8830370204696396
519.6171368484864
0.36171523816806156
260.56683203103427
0.3824625508425897
0
0
129.82384423350692
0.3654351075553925
104.00077232848551
0.33022542962200213
86.22561325577772
0.7220900615049642
0.3968527702224627
8
175.75891705121177
0.9803198132789904
533.7946722661018
0.5800268209818569
262.252056361915
0.5587429207592366
0
0
132.22027913088013
0.6240259613109442
105.25634114583346
0.5216682992903625
87.86824488966929
0.9824034119064443
75.45271091809988
0.6525158582052061
0.3166790054680399
7
173.03778819165075
0.9499898550662494
538.6963359877717
0.5202587862980844
255.0509504049031
0.5378198463179479
0
0
130.75064024465667
0.4725775602521452
103.03562339698361
0.514002183050351
86.48548504846752
0.8621762769244541
0.3459357270426245
3
162.99366136883376
0.8227929035493974
0
0
82.28969664655398
0.7259366109386299
0.21300826850024632
3
164.6106596014504
0.9096377461170874
0
0
82.3693974837485
0.7793987458811468
0.09281152701618703
3
166.90669596394085
0.9631459993445504
0
0
83.37795630680098
0.9224516826781126
0.06000933106575466
3
168.176565102801
0.9726672089571937
0
0
83.99779986661706
0.9430690464129562
0.04922989743005368
3
164.78752909403042
0.960566474423716
0
0
82.71908759251254
0.9066023856352871
0.10151952192824543
10
164.24171728072034
0.6718716590779424
3707.2559894644405
0.7410525312331233
1987.2606814995859
0.5917319608404814
1341.8234949321504
0.5082453140419251
992.7633103810525
0.3037189559622456
178.8950544643623
0.5789670914202243
171.87843029289627
0.6349520102359239
0
0
83.63027331215552
0.7281112167960162
81.79421290694985
0.7214854524353109
0.23013154620258694
5
155.7713546808191
0.6288744000043909
0
0
81.08597796031313
0.2587009638529318
79.68690471350497
0.24802538413439737
76.13194543492901
0.25508278877442886
0.3600617515340664
3
141.91680811383947
0.6010219944962634
603.9749672524672
0.27405285770904203
0
0
0.20621951758727092
3
135.3587848354176
0.5784495087040393
603.5361199359315
0.32343198213417984
0
0
0.13203002522022209
6
126.55183822787362
0.3700178513430812
588.0697537288859
0.41538433472576103
142.30358069180198
0.3235417148373795
0
0
114.78361171110963
0.3512295037010317
104.58546838869853
0.2464744221797143
0.07918682085597772
2
123.08575509703809
0.7707759436515584
0
0
0.05040063803162621
2
122.82277343120887
0.8042925972032591
0
0
0.03188058223613369
4
0
0
244.4452849212192
0.29527223946708175
124.76849144491392
0.7461910290293707
81.51459487816072
0.4330984235349462
0.012422688455042215
4
0
0
247.9936641885208
0.7498386144694192
124.2008667408685
0.8062901610501893
83.02560183793302
0.7296776168469318
0.014314446488427996
2
0
0
123.95404316893377
0.8382063282058355
0.013746416425880889
2
0
0
127.9345404178359
0.8900896421979079
0.010126250170378714
2
0
0
126.52109488133735
0.9129009294592964
0.00870497759675588
2
0
0
124.51027439555726
0.9175400387975197
0.006311751253667688
2
0
0
123.62395808314365
0.8064202131900632
0.003410119071472848
1
0
0
0.0025363978817320946
4
0
0
1844.1451483888588
0.7412124501752079
125.17490671294212
0.5921858617561939
119.47009345510827
0.5708766800983712
0.003299523818093517
5
0
0
1808.8388363580848
0.7304314517858019
837.8517567504022
0.5804788516753962
739.3774528322327
0.5865926379251631
357.86894568578197
0.2359540033370335
0.002645408258350949
5
0
0
2358.496343251838
0.6791554858187666
1574.1292786861065
0.7053429930656509
732.6110939080606
0.5630077693075223
476.7342993512769
0.3354138431043328
0.0026249278188506067
7
0
0
2335.4507655245816
0.7650582707069016
136.55697454943717
0.4374379375179223
131.95088575340316
0.4514832876109302
129.41043973164193
0.449420875566371
126.6782658478109
0.46620516645487303
124.50669666295892
0.4646155851678146
0.002553519266908826
4
0
0
135.25087226923287
0.23357325659036574
126.16825442877868
0.3241387659799287
119.1961772623934
0.3409686854482611
0.003593215450964446
3
0
0
2376.4603789370326
0.8376155151936255
1452.1394206906593
0.8110743754048526
0.0025311456356186127
11
0
0
1799.8737932679844
0.7083055080301295
1461.5529299197733
0.71523700087259
1237.2573728436346
0.7136378659024925
117.15730571433016
0.34835296220427403
114.357076888141
0.333163664763903
110.53162942655631
0.3015688013245987
107.6271253799655
0.2926340137243283
106.13831547253162
0.2918758424976303
104.57060608608242
0.30716973634297845
101.41590209039602
0.2462858961807829
0.002361074399562256
4
0
0
3448.3135808615516
0.8515302761412281
1686.5743417085112
0.8150168427240063
589.0825636337364
0.6133185664023486
0.0016638183058755105
6
0
0
1797.3342418507589
0.5516012115871668
1221.765745879291
0.5578989304784011
1055.692379447712
0.5727642152223313
601.0488778174426
0.31059100217876234
554.682934597751
0.32243601507271996
0.001920968656786987
7
0
0
2309.964391716998
0.7475417037888565
1757.703682460666
0.7614494836635399
1471.3792668838855
0.7583802861266397
572.5260802602529
0.5769400966001076
324.9798242979037
0.2605079909446635
309.1238976416411
0.2532722046740464
0.0032017906725895755
3
0
0
1820.5664640452244
0.8440347945877118
1238.7179673504634
0.8093815681737996
0.002822190442437288
8
0
0
1447.6216204442514
0.7921069233558173
1036.649268196103
0.7484196135670569
878.5193715623761
0.7193026507223014
596.2980569737331
0.6128131560414238
405.6708261907062
0.4684135479137572
294.67121084359314
0.3303214123651549
236.38337251031632
0.2312305795509404
0.0038124111699970936
4
0
0
6323.1552079493695
0.9544675142470382
1507.2693238943905
0.913613502036645
1069.399633004852
0.9040252332490785
0.0025769422601547264
6
0
0
3379.1334788575273
0.9259820171258983
1400.3426739909671
0.9009692109260423
412.5403874948457
0.7503988572176782
322.82889868886633
0.6609054662615986
154.34898948363946
0.2622413634885397
0.009166028550050767
15
0
0
3909.6290539507295
0.8618674857306339
1947.4333807382918
0.6625410316142546
1284.2133080171623
0.48519877979653203
953.7551138780824
0.3782742202313793
765.6333081920568
0.31440131819428296
642.4623698571489
0.2638798137185968
494.1406709712758
0.2426112609847986
438.5121184398657
0.267489893642589
394.3386861293364
0.24979998089321528
185.77700391730343
0.27339857030594705
296.04073242915774
0.2631551751303492
276.41086004612714
0.26074377664706117
177.27153766035948
0.2745728219859123
194.9623991457752
0.2630038514517381
0.02272508133142974
7
0
0
3952.007561513335
0.5696993546956292
1944.6877906507225
0.3167253784804386
1238.827294887003
0.29002928055150146
950.9866465975613
0.2454667317233661
291.6470591469647
0.27138552288780454
213.49686151541346
0.2692073164369295
0.025728766604300377
4
0
0
3616.270723377922
0.5880701885668312
1801.3094610956916
0.23680420762625065
670.5663291718204
0.251086004052958
0.029554676885626355
5
0
0
3721.6124205439037
0.6679095263749689
1855.8974326047696
0.3811941366672254
1229.1530134604034
0.2768565631388767
90.40629607982125
0.22655886367543854
0.04175326333484794
7
0
0
3808.3046493064103
0.6523461306986527
1915.3894088805866
0.4719811467347985
1286.7924944560716
0.3811847785209295
969.6807770103502
0.27755276056932227
548.9680037346125
0.25556717167181886
349.052634418999
0.2473412271740717
0.0602954118384273
4
0
0
3777.0308200104073
0.4779145517181477
1257.2407725821622
0.29513431515286487
362.43593440946523
0.23988740558654217
0.04359341492636755
5
0
0
3813.4899913058257
0.5979614012927564
1854.978288205319
0.3308464592596405
1235.7994108353805
0.2687140104601053
214.2550645889893
0.2547838051526641
0.10224062291696599
2
0
0
4082.091065221078
0.8848157245268804
0.221603656526826
5
123.74684125350232
0.9320528781399029
239.69838668687515
0.6654429361111286
0
0
119.30245626625404
0.8413115586424611
81.5346469674151
0.6913944080366253
0.3833216958131202
4
123.18295401263963
0.9699477806329766
239.76954323299464
0.8049996840401702
0
0
81.35776200051008
0.7847570555669218
0.48126651272878285
4
121.2248489573034
0.9728262950193352
242.87315292734644
0.8644874067745896
0
0
80.99881642090753
0.8424975900794671
0.38104198989141846
4
120.19968682591795
0.904724746491631
241.26662614652176
0.8672929950750666
0
0
80.37210141978221
0.7958475386965298
0.2523359167625622
4
81.28406871048335
0.7212196013998832
251.6776265100191
0.7397106205232704
120.82495141280062
0.6936386442282851
0
0
0.17874038812818605
4
85.1920054891987
0.6192534982429211
259.6012586703954
0.7391372325205128
128.36617934955703
0.5080284529115783
0
0
0.10939678044200522
4
83.80555168335746
0.5395723774918089
239.90877719284197
0.594945827437962
123.76221753030225
0.32343250232557663
0
0
0.11219563173673949
4
81.05213934150247
0.5489203768920521
217.8536150958238
0.36065305742706966
122.41412627196206
0.2501926811191744
0
0
0.06926273755116139
3
81.12722649019128
0.8145914798102777
198.70124453741587
0.235476056413794
0
0
0.03959771974967838
3
82.23421302697032
0.8777321442024466
219.57492497204302
0.2845975371311427
0
0
0.028104517070023673
4
0
0
225.86141477449746
0.4671333320425498
125.73774511316383
0.33939804241140736
81.44354182849887
0.914544913144727
0.019871143091847825
4
0
0
218.5834290256635
0.40614435634232643
128.75353699302738
0.24897732036431897
81.69711245336626
0.9634458781588596
0.014209886646148438
4
0
0
224.14304014535884
0.38150117190107546
130.88970389374637
0.2943084169607946
83.09157592324564
0.9407958915739968
0.012568039425906447
3
0
0
217.29346634697626
0.38432853357439056
82.0913529189951
0.6160249985825732
0.010633280861433801
4
0
0
185.65732942296347
0.27636091606066704
138.75203621189868
0.3008792424343962
81.50197565729354
0.4585652050567426
0.008488750751185567
2
0
0
138.9897746725235
0.34886103585842454
0.004757834044607734
2
0
0
141.7732406370514
0.353783538889693
0.0038423685322123494
1
0
0
0.00358918555421574
2
0
0
229.69981400997355
0.234587895002882
0.0021441770453162682
6
0
0
241.29600293183393
0.3415759007617877
231.58784871087948
0.39372431554856463
224.1649550089106
0.38845953620671114
82.91460685553422
0.5941058647116456
81.16537995763295
0.6153348435245519
0.004143054880064252
4
0
0
287.5152468673789
0.3051377872380959
251.35920757723403
0.3453496227000841
240.838818869693
0.3506223939090515
0.0026513784054650806
2
0
0
121.85397840576974
0.5717136288909596
0.0028363598285865545
4
0
0
125.86370300485149
0.36960157018236917
123.33886830144203
0.38283200618463703
121.22683900770426
0.38211715581752587
0.002700618795323996
5
0
0
1458.9360689828889
0.5954575934001308
118.23118305242184
0.2970558186608849
111.385512274845
0.25927437561622035
107.82390730050085
0.23056630188320884
0.002299634349383073
6
0
0
3422.3664150079903
0.8106047853438019
1567.6558349924453
0.7451018429988653
1201.9716794754345
0.7169198920760622
883.1478875874316
0.6554950380519422
412.1660180932171
0.30204651584487263
0.0028581549274510044
4
0
0
1795.5183816246806
0.798815670111412
937.6322246337824
0.736767695371688
619.4611570575627
0.5953254049309084
0.0019040768304364685
5
0
0
1817.1390590754818
0.7246969309974025
1413.9224171745652
0.730415106089276
1230.5059667911178
0.7284486465835778
425.08460341158656
0.33167758287099885
0.0023890092408436862
5
0
0
1463.9363711119338
0.828240575694002
1233.2546402525063
0.8124248809168787
435.5681695416724
0.4541998142374877
400.5996605192497
0.4139881179610669
0.001807527519804548
10
0
0
1753.7754545961502
0.6048493015858378
1477.8809360727344
0.6005113014216704
1197.2476560864036
0.5884813592587562
672.3880425424954
0.4051328327215147
610.111121450405
0.3808256172412203
133.88544609423886
0.2648483968281438
131.16143327995385
0.2613553952615669
120.32337487662714
0.2436979688946533
118.6901937646663
0.2541733796165405
0.002953174626317541
7
0
0
2319.7472720660703
0.8670870807418118
1777.9348044771186
0.8651017532457626
1362.2826720322512
0.8642024803425934
768.7847275715153
0.7681268644581916
466.5039858672979
0.6252065110047423
226.55507350908556
0.2627820200832057
0.007921655008513523
5
0
0
1493.3823701326712
0.6566941453098969
141.401646884291
0.31025684280162424
130.0763813519482
0.3528712604682562
120.38352462061708
0.2784316495541323
0.09812739589250573
3
0
0
136.18952619298037
0.4022818756726505
103.06082911752169
0.333344763846429
0.1938000806333599
6
104.15466792662806
0.8830885894161646
415.7888495360838
0.4342673747012187
207.87084222324322
0.5968467818182377
139.33680091231324
0.44976472325716743
0
0
83.04333443068104
0.36604403372075095
0.32057749902167204
6
104.4299126628599
0.9286966701651191
399.74096181303753
0.31492146295572443
208.29486979238848
0.7679762606512638
137.21537791749856
0.34950301801082095
0
0
82.35113188148392
0.3386908030779634
0.26543574790566715
4
104.49335945392305
0.8811422302874427
204.70486328023821
0.7050824480963515
0
0
101.79079926439486
0.8280135851765488
0.20438655224289304
5
101.4600522321425
0.8954318539047488
212.53299828560634
0.5892272690079782
204.01168443236418
0.6010053675109588
103.78773794595939
0.8791687470734427
0
0
0.15006874785043134
3
100.29566254272838
0.9307268921130735
208.0355956892164
0.5532020182512494
0
0
0.15516777545787314
4
104.0257742366567
0.8548109036088756
4176.474929111143
0.8898180256900636
199.0850269249924
0.5162187344165167
0
0
0.3520601997481003
6
108.7411299295465
0.8179357300786315
3865.2138240562367
0.791354526562025
2035.78430873927
0.5271512630006322
111.98611116493811
0.7473766394131157
0
0
106.00155105405359
0.6196958719306756
0.3872763178510132
6
111.02146041288117
0.806377947154236
4163.293144886415
0.6896937449432015
2042.9746642613056
0.32570863115849064
117.51303147904825
0.4758724823297239
114.23331201760554
0.6748098584483473
0
0
0.4223894784092185
8
110.9625831637591
0.859281137174167
488.6252785650318
0.37811467540836274
282.08074842646386
0.26572655910221477
143.513601948769
0.3296183201150555
117.38744268310523
0.2371848818912409
0
0
90.41246927152393
0.2657728926877026
80.01955745796644
0.3034310974953446
0.33265114295061565
5
111.39366768386701
0.8477038061963748
481.9789444574002
0.2636099801392156
144.99891592134253
0.25664047426832215
0
0
89.69923538232278
0.2501603205078651
0.18003304707017206
2
111.0082196374574
0.7845270475394921
0
0
0.10835624359905162
10
110.28392434502484
0.5682946653059973
4087.6882516701603
0.6624417675982889
2291.150329941995
0.5268752534365815
1472.9967381554548
0.24394108861166902
115.41092964093073
0.4075386216614372
112.45958089530335
0.5701885845833203
0
0
107.41703457590728
0.4753254301361631
105.60902278626462
0.34841291812887565
89.98121151339082
0.2507429043980074
0.08399358365675341
10
109.4398327159328
0.552221850884768
4351.939097927366
0.7688850867402148
2247.297601330938
0.6021558261307543
1472.5454486532042
0.36530007024467914
117.93910738863819
0.3274936233392829
115.16034350115672
0.45580397576776804
112.09628126383183
0.5377815441426644
0
0
106.81199277494018
0.5039995982831913
104.35356177248015
0.32472380191233596
0.15259657179771255
2
122.50828458892163
0.8050348436320106
0
0
0.3126600399821101
5
126.12622376038583
0.9244595075508333
252.0772393489567
0.3201309344763178
0
0
104.29134609519059
0.288440087553762
83.93631112769081
0.2716024058732072
0.4006914286952849
6
125.7935623248746
0.9459058498800189
621.6973968041556
0.2303642188992684
0
0
104.73245794777463
0.25915673083127827
83.31026041850339
0.2285032640326986
79.51676958909957
0.25768355401158066
0.44591377475360416
9
126.35846176723038
0.9678646086684993
625.9361726993487
0.3530994592427829
310.86945413245115
0.36599585825954106
213.1358260725676
0.404884209818978
158.6077391108553
0.31494894878338203
0
0
105.2439642620612
0.3738565114518981
89.86906062457382
0.3030569746690574
79.3626453502405
0.4152736406277873
0.3349285375031365
9
128.52001752084536
0.9495061923655658
636.3898904691255
0.37068609411578224
316.9325370184597
0.3146390887839833
258.5245606465199
0.23381575709903848
216.898639663003
0.395378712610784
161.67521985246802
0.3375726341664827
0
0
107.12741501884072
0.38206820338166025
80.7782715972954
0.41309314095970645
0.30257649605511766
5
129.48646244506338
0.9581602020339309
559.973357865981
0.3961028201201291
164.4934275337488
0.4254183608758083
0
0
104.57065200638701
0.44148747245013026
0.283892582392449
7
130.79283133699084
0.9589382107731618
526.3192461778209
0.6795830757628698
258.5511790618924
0.5863387191457199
173.45983068196622
0.6666422666665303
0
0
104.57419019713774
0.6738279380644897
86.44112132888223
0.5798037036715296
0.23320752817890864
7
130.9983574122434
0.9671737188401459
525.1423593037989
0.7496073216998018
261.08354752217394
0.6878329808300144
174.18046916784988
0.7427305445988571
0
0
104.51743153827755
0.7201211116251065
87.04519692793564
0.6546921454395611
0.1933291623382553
7
129.74334641010313
0.8807633975801565
527.0617462150618
0.5806750203767997
259.38562213231967
0.40982861556713623
173.49347750302627
0.5399372835684324
0
0
104.04311756830555
0.5320979217568412
86.37114589359604
0.31254687067514214
0.1618226116257205
3
129.5701478056778
0.8397513751759795
258.48907288941894
0.2728612055168248
0
0
0.1161719651221487
2
128.54638131845522
0.8894786410601805
0
0
0.1040016389694192
2
128.91213729008211
0.9470570144784043
0
0
0.15652323877939658
2
127.81521436434478
0.949841744864503
0
0
0.24080884948362213
3
127.68707762752575
0.9412521665365925
256.69864968902505
0.24668956778315848
0
0
0.1987646663155496
2
124.5280219816862
0.8761336836714206
0
0
0.14930791738227223
5
123.29760691158424
0.9176398917842265
248.85529418999434
0.5197365914533215
0
0
83.00252471611842
0.5098937751524277
81.97808104373338
0.5081452091913251
0.1017671242873743
15
122.9247866831369
0.6792908360575926
3541.635314594152
0.847989694736553
1795.7896787112477
0.5795173295380707
81.75593938739137
0.6046006488999709
78.29709824621206
0.4728010177158172
252.29963727567306
0.5683648587635509
242.83583140380682
0.5306929237628253
234.98043350624997
0.5927372255921026
219.96135485624154
0.47179577633546144
80.01534729771213
0.5900482810533174
126.96026141620689
0.6032727235549679
0
0
119.02823951036272
0.6343140281278206
80.84459293884508
0.5408859915562813
83.59664234108398
0.5211890262710381
0.0559989877607032
15
125.05886435436737
0.6729837736071944
3493.4664137125164
0.8172569324172521
1734.7496614099823
0.5310932985441387
276.67896050738796
0.4607205836490616
257.44640463388043
0.5654491118057423
241.92122917845177
0.5673248407477877
134.25925991820006
0.37430621378651013
129.3295738303513
0.574808244238723
0
0
120.86210608612097
0.6571351897589601
115.81040276603964
0.5284970526099635
78.1414175551272
0.38381590832413287
79.96521877974435
0.506005621360333
83.92110402526353
0.4760450051442596
81.86228283681251
0.5407388371184649
0.02473528065420009
2
0
0
124.72993275957708
0.9277250329499256
0.02274556775307296
2
0
0
123.68610814041628
0.8640348990298794
0.08193135108676605
15
0
0
1661.4681953781146
0.5872594018791942
855.7534068472165
0.2992747668279254
575.579688529068
0.29119520755474015
438.2154652883494
0.27315598384675027
349.0012702307129
0.31647236173681237
217.29367566557775
0.26612333883955647
192.84336961005218
0.25765541191095465
173.19007842548433
0.2635701112139032
156.7184314146474
0.24117384725645627
133.50578382685936
0.31430342533261757
123.89990785658362
0.40712826191992696
115.870035760119
0.32412934193744725
108.42631882113982
0.25345408892198645
96.36616673588557
0.2282575491510852
0.031620513864338465
7
0
0
2992.603743564973
0.2397873733718435
1748.2365369446904
0.44863375751913825
562.5415764631571
0.2728071997535206
135.21139528689514
0.24489012686584197
125.49088846749426
0.3233958999631242
117.88333952953514
0.2560658773276038
0.18840919149723578
5
0
0
148.50906621491737
0.2713232391936523
138.82063931810964
0.3715064832200386
77.79901685021085
0.3012687410475679
75.99260567855401
0.2981892786038323
0.31393586923518046
6
136.09423671602488
0.8342129296864068
421.27945425608823
0.45139740193567895
210.87223584763098
0.37368234030471054
0
0
103.04219989680865
0.5018126941502936
83.40241027537968
0.30356069629279964
0.273393613521614
7
133.88385109565945
0.9406672696911996
427.5798941995425
0.48148811688673077
195.64117434212568
0.465831648733545
0
0
102.14513529285395
0.4775351707707672
82.15538028718397
0.4398732407151322
79.69362747359828
0.4164069258308271
0.21884202529437888
8
133.28229189887293
0.9774831160809854
533.6280877684234
0.26792263256897136
437.1772858370319
0.4172656720385945
192.09233588574247
0.4036962074862377
178.09383277577632
0.2667139531424055
0
0
102.27566423267872
0.43009374743316237
78.73921480082271
0.3890866802818477
0.25237561235992445
6
131.68247102202548
0.9659841080304311
533.4935263236819
0.4979905026899138
175.07233541997374
0.4390398933207491
0
0
105.66139999712367
0.5558994480471546
75.24559608815834
0.38466771339023986
0.2502840213409199
7
129.6513019768996
0.9365493846637799
543.5757487736787
0.6099704224559063
263.9597196832825
0.5084414146028098
170.88655668722083
0.5929202375974263
0
0
104.85535375235258
0.5938118486119669
87.0976697663374
0.502920660398622
0.3270511643111603
7
126.29232336284068
0.9144294802799693
539.7617740506398
0.4196554650309118
249.5672162660591
0.5438822490380938
165.5083226152066
0.44441293872878057
0
0
101.84755486847293
0.3852645734429569
84.03306778060951
0.5634062176891084
0.4251131075367489
4
121.08080814906528
0.8692895250955469
245.59772718281317
0.610807630609556
0
0
81.19708948837607
0.5523739526052364
0.3580134925272048
5
117.91739021655269
0.5285578840407619
243.0033671772906
0.5457045856837187
0
0
113.37575834122046
0.5280440751967388
81.17407568222521
0.5116863439737138
0.1994297072722293
7
0
0
245.69347907682496
0.49568360264780564
234.5306546448979
0.4998248871168532
222.69542910898144
0.4565110640482433
123.19223718016603
0.31127425262107083
119.93043004613712
0.3377179165801759
81.25766655266189
0.28976692135861515
0.1842066475307471
2
0
0
238.5940307299649
0.4839365895606297
0.11267398308014497
4
86.005605116215
0.6944987384411154
2151.868120935149
0.5111191338284576
218.8381327386492
0.29019947201303603
0
0
0.07299214895787667
5
82.23486073775936
0.6379483220511557
179.0990592998804
0.4743906850584509
171.76416627153392
0.4656862928917153
83.67124115406824
0.6349838421522609
0
0
0.08376953631678959
15
81.89531309681907
0.5358784615707286
6414.451085477946
0.9047123785947415
2277.6852905107075
0.8041770816933057
199.21170896035895
0.32548671687403796
188.65052869889524
0.43099145739270295
183.39065842141994
0.4769043710648567
174.17720434096648
0.5344822463255591
170.04917637128196
0.5458514410503181
165.80113802926553
0.5612387709298752
161.73911704587863
0.5498750326558867
158.69680897680425
0.5419747404532855
83.7971840665213
0.5057514352816686
0
0
80.80806324010875
0.5421941044535006
78.09821677780579
0.47229800152915796
0.04202726557537416
15
83.41118099811376
0.6545902088422773
3641.658574866722
0.890193090362911
2308.6499084681864
0.7310780275491926
1827.9132341570464
0.7064220200205956
85.49100950184932
0.6247881005971281
82.41985307536953
0.6365584837876159
84.37528042328354
0.6554097585310811
81.59522116255023
0.6265628433798686
80.37391425067962
0.57977263397651
171.5616629149472
0.6339637347434559
164.25134945291117
0.6578916509981594
160.54552337230658
0.642895080060908
157.16555693251226
0.6327813116777896
153.77007399912307
0.5784838259812873
0
0
0.029337286457254544
13
0
0
3695.295887898557
0.8658420505260636
2303.769816509187
0.7392266947182118
1437.3512483437771
0.5782193545448021
199.2138637878863
0.3780571600207183
184.58724651289035
0.5067917064499878
175.73331392550958
0.5348295165450516
168.68777931779368
0.5516844333944431
163.23495121817615
0.5421644238404344
150.70381514260066
0.45008124072791983
84.22436346339327
0.8244386297386002
82.9022377638818
0.8306300762117332
82.06058685332428
0.8089698205695032
0.02631889665979952
15
0
0
3610.1020613651654
0.781093073553386
2201.512718234201
0.5532848838848843
1827.176313777275
0.5752540569666583
1379.231932875448
0.4575336056655691
85.16918359640738
0.5201393054072852
87.16690622007613
0.46724457722005414
83.98558885079206
0.5574484425798238
80.51362887739802
0.5942859277849614
77.562300405762
0.4531355000094088
169.15721946979303
0.3955458604653462
78.7950512576171
0.5236858824590168
162.06024504207036
0.39756411133746483
157.80391237550566
0.38941946961275203
82.12891153042112
0.5932851030653631
0.027002710128096376
14
0
0
3870.973588268047
0.7961143325186951
1953.3346893835665
0.6209366034932986
1328.9215700943448
0.42985390679669033
991.0307478601212
0.31623669971281543
793.2922427410335
0.24088034071822362
89.06150006654316
0.29602531619785105
87.18588724240348
0.32594623089284275
85.38839299819733
0.34803968137714936
83.6247509448591
0.35676076117899214
81.92873464540774
0.32912048999663657
80.32144518614142
0.291369825805609
78.7371692963534
0.29315406253751203
77.17639483389434
0.25978891259593917
0.012290510704776318
15
0
0
3844.2747204970774
0.918387501600204
1920.4710329956747
0.8215568908475134
1284.0992097246487
0.6599195816592232
963.2667985621526
0.49331799049283764
774.0217734494116
0.3292218254381893
206.16493838319812
0.2599164920941447
195.8678791577677
0.24532543748717606
186.57511777982788
0.2489680154363216
178.21637262097238
0.2440532157138922
170.44517744023398
0.22940520189529923
87.71580932500449
0.2695487789915023
85.72514924621339
0.29135600818736795
83.80415674438108
0.2844918364623993
82.07050831266147
0.2351589137291595
0.006734775780597846
11
0
0
3950.194482811085
0.9419108973366932
1967.1372365160178
0.8363050721837897
1328.348095876325
0.6749750036528401
185.7971707929796
0.5382805154142449
177.81308692941207
0.5970354892663542
170.33472156412995
0.6179389671383544
163.61615114437063
0.5974370235481272
84.48951743545146
0.6233342847701807
82.897876767497
0.6536543882377776
81.21724406355119
0.6241783335864757
0.005333018129335071
5
0
0
168.2376433616964
0.6075484877766624
165.24232850301692
0.6075916093598415
83.89562561168378
0.5011069537496635
82.59628164890859
0.49870224610486935
0.003213236468550911
5
0
0
168.12148508934666
0.535905692061749
163.81092948973938
0.5344664248218224
83.25917023953122
0.41817058497094756
82.40228195624995
0.41830165579703066
0.004198057759027837
6
0
0
170.27195326476698
0.24634721669523546
159.44340322489128
0.26407184639800735
154.77307644726383
0.26364882837343573
150.80156951900327
0.264768026731239
146.83957080850885
0.2535823363893587
0.0024669350098875903
7
0
0
161.4158450716685
0.3034542854693772
148.436664302457
0.3463177958843672
145.16280156495225
0.34647342060231867
142.0700083040503
0.35107859319394563
136.40066363254797
0.34253368695663694
128.36936147427716
0.28164775416374094
0.0027632816841229157
5
0
0
2292.4028842502053
0.836526362523026
1501.8486618043778
0.8381894811184611
326.47231843932354
0.2855170175533369
243.9291671297193
0.23029860285025683
0.002297172795809171
5
0
0
143.8643945772318
0.3392480529540485
139.20558924261798
0.3558503029104757
131.47995324940928
0.39539899036851034
123.2499322738618
0.3489884910662054
0.0028917075191228193
7
0
0
1812.7395424572912
0.8808727965203719
1459.5926586937112
0.8677503415158088
1216.3727032746351
0.8589790364620091
807.5995817682799
0.7979094348828398
343.0995903827126
0.5357261285596942
203.22745154629814
0.26251660497292845
0.003197103928625478
3
0
0
3373.4822826598097
0.37600687104412905
1814.0193767556584
0.2538237063120503
0.06252909601004413
2
118.0081504782666
0.6333661511077822
0
0
0.13580031917356583
6
104.51866005485238
0.8853768894150987
405.75620165533564
0.3423010254645659
209.8035153959406
0.4544659705504496
141.15468541754225
0.3267873204111981
0
0
83.24493358953336
0.2614268651604848
0.22499722188043994
6
106.2760046045324
0.8902244430912911
422.85674236262605
0.31426842369641256
211.77584504103368
0.7572060763043081
140.9153702076885
0.2984879803676723
0
0
84.64094737371416
0.29838019888055745
0.14747973131314596
4
114.11645193699997
0.6682756796983935
1970.5417255922082
0.5310294375413251
0
0
107.9536707899467
0.6429747492166439
0.29254538906324906
3
119.90359014649754
0.7786698232464799
2082.7367342360662
0.5988784335203502
0
0
0.29509850705634444
4
124.26171970457482
0.8799954846071755
246.35672994717658
0.3598374128314825
0
0
82.11493762716982
0.3111242162221685
0.30651925150183507
4
126.31436290672053
0.9247369200694732
248.36389811035562
0.3345344914328599
0
0
82.65070036538873
0.2852695333480217
0.28943653801809127
2
126.91479090495174
0.9377497606191535
0
0
0.17053666963293287
5
122.94223305404057
0.9406048707782426
248.6489749065521
0.41196802061823984
0
0
83.0864402342758
0.40836020561220426
81.9321355422423
0.4080708313866978
0.11920876378373123
6
119.77138405128814
0.9228198507123401
3827.4909463802355
0.9078427088389652
243.22290399580143
0.31096719117768895
123.61794875169178
0.9064925221400368
0
0
80.93871677836933
0.35326408978317303
0.11052053574630782
4
120.2368875634379
0.9784367664835587
242.09794841050407
0.2289352749329092
0
0
80.41077761151949
0.26303926397691957
0.17197871926710728
4
118.59850242530513
0.9616070577871385
237.6392747232852
0.499780442941197
0
0
79.22758185345477
0.4585078916912175
0.18730859492329724
4
116.83103334957947
0.8461260543623917
239.17536648380081
0.4750564599661273
0
0
79.37731561025898
0.3888571651973444
0.1266255396458508
4
0
0
261.0232848998858
0.2958397053522964
116.16304419007173
0.41574236702447087
84.00187893159797
0.33574009757809703
0.06714644994065153
3
0
0
233.31626041072343
0.4235756162152128
109.05515221194646
0.4158186983160387
0.027180481395999656
3
0
0
233.2543800805386
0.5807851088800184
120.75427566001508
0.3207502347233032
0.028627423359553296
4
0
0
223.54904873198868
0.6443473010579437
113.69988701448118
0.6556163181193536
75.27427133720127
0.37638122922924516
0.08802864609681763
7
0
0
3469.069378005455
0.5713951211782684
1727.4165349808989
0.29493812227489835
1072.9610492740426
0.31556032406285117
825.4869953160493
0.2843715525494118
203.88544835815082
0.30094007924914346
121.4568179739252
0.2393485320860873
0.07607066207769295
6
0
0
3384.8360520311116
0.6319978922419132
1708.7264264417552
0.47776623185752104
1115.2029884557787
0.4390744728698624
836.9332776297895
0.43875597892334134
568.1454468215918
0.25934575201220206
0.22078764242960675
6
122.95007226446992
0.651934402349893
2149.8975748125913
0.5972152378477422
130.37536725488079
0.6070540182048533
0
0
117.05292205697963
0.32501128130919826
81.04222890844734
0.2525246288845201
0.30730790280065795
8
119.70111244985662
0.8980669814512026
2719.8901913929994
0.637380440515476
274.21461961995453
0.3433198849705823
240.74807377876425
0.46518644554003985
125.24120854931981
0.64836210815893
0
0
83.30394804854637
0.38020975779404864
80.38869155964045
0.4474068958748187
0.23146115978686654
4
119.22004378684558
0.8778024870795265
239.58010110136271
0.701427198499485
0
0
80.96698966466357
0.7063788050465035
0.12598114362682258
4
121.52063181089775
0.9241200377898401
245.59607659467503
0.8645885656416055
0
0
81.48738593278203
0.8413341619462124
0.07119755833892288
4
123.2239467698016
0.913384387559788
243.22263046256657
0.8405052045047036
0
0
81.61506869813425
0.8887272120872023
0.10401411981339966
9
123.50125993633236
0.6516500894531471
2311.3601624189514
0.6935486701061497
297.4177004496927
0.2833278479213242
263.41186054674364
0.524458003801988
243.50393331663352
0.5750626800937463
0
0
86.12683181720863
0.39716739515320626
83.400373032318
0.5759483139498084
81.5571256089044
0.5863124701577711
0.049518470040095054
14
119.12181595248322
0.7016574610012065
2435.261469801889
0.6733423739978565
1217.8519564618334
0.3231630987743395
292.62264276939453
0.2713002791999743
260.11294385391915
0.4184247838321941
238.0644964549704
0.45512901721253246
216.97519835991773
0.33639359628639126
131.95483151864386
0.32776090024055715
124.9766105920138
0.5853910285509947
0
0
113.61806272369286
0.5556580279795016
84.65786257157505
0.34902141320467583
81.71124838266675
0.46137089393794234
79.20242863238309
0.4273049243305179
0.13276900618701115
3
136.85071792983666
0.41238642763341904
144.37743651320673
0.3908662703318568
0
0
0.23756526211069537
4
128.43919241867536
0.613149296020523
0
0
104.12397579339537
0.3133856984433814
83.68747582655767
0.3515594092521491
0.2992469829768011
4
125.55178570146799
0.7647611835782388
252.42157610163548
0.6176829313890242
0
0
84.01094919857728
0.5259909038280553
0.3098760755146991
4
123.36452272196176
0.9444581154408042
244.86233411081068
0.6513547376064254
0
0
81.90806999578166
0.6457535264525581
0.3264427888501082
4
121.15942583089169
0.9351587062513553
242.88036143982305
0.7133397710003856
0
0
81.57763642047516
0.7128594161143814
0.33291218852511756
4
117.41367103483591
0.8589234129889485
240.56719960835665
0.7528037584323165
0
0
79.71376042581278
0.6938433973630868
0.2064063555946188
4
111.39989624510724
0.5515460315200321
231.0642575444095
0.3342197807412432
0
0
84.41566403014944
0.4131525070527245
0.23289540164799194
5
0
0
223.35296376963626
0.32466603796716426
216.1584945867977
0.3163906419059636
111.54640534486663
0.4214000474164917
109.43299456302188
0.4189043097762844
0.12283043147935221
9
0
0
5694.400119471413
0.8277020221693616
228.4559980902748
0.504492230542718
216.765436166194
0.46139309814142476
114.95095397360917
0.3006176153182449
111.3892873636182
0.3406690755673832
108.67118640479583
0.2996187695060644
105.44422692883522
0.25250841601029866
75.59275481220762
0.23353086198655668
0.07022508935485754
3
0
0
4209.758940328371
0.7830962109608577
100.22118324925334
0.23351962017861214
0.11514271465897705
9
100.21528416372958
0.629624363479272
4141.587529872152
0.7020762537846348
1962.1909525903231
0.42786546866872505
105.88135225095432
0.3179341598945924
102.74879970992666
0.4584502886255889
0
0
85.00052290268305
0.24731227267909822
83.1462021707758
0.29002030716131366
81.48296197914459
0.2834264863918819
0.13728171874459763
4
97.10211969326456
0.7527120665840018
101.7074608075395
0.512948641208301
99.08707056126492
0.6873629446596334
0
0
0.1795834254327499
6
95.751137532183
0.9286945722333458
1938.4485054115987
0.2847893525256562
231.89596201932235
0.2482855765836281
163.5440812196484
0.305590562101573
100.6489766663397
0.36318769119117794
0
0
0.06863007293938278
2
94.42054931273513
0.5713777170122397
0
0
0.09632055999031923
3
95.54306401658786
0.7907428776283684
275.9834277606214
0.35523103511973947
0
0
0.07684253292323728
4
96.0625762019758
0.9315382412317315
265.9865122055727
0.30037513740717864
149.0433501772856
0.22667141117166187
0
0
0.16062002088482666
3
100.50802799503256
0.7568492526981204
173.7688474488898
0.233120446488623
0
0
0.17296136452713948
3
100.46913418821427
0.9472932654504319
229.92910056685753
0.25280294522219127
0
0
0.18310801015582598
4
98.52814205330671
0.9302910619237229
281.67706934843915
0.40239428548806433
150.3779471971809
0.3605723117774565
0
0
0.1325579207451491
4
96.08949566985379
0.8642545048998115
287.7359031083884
0.7555775960530712
144.79036283903136
0.722213714681651
0
0
0.08061219610604027
4
89.04378689101448
0.646458150502049
349.4850445590996
0.377580604016632
124.15331850981487
0.29814967671301085
0
0
0.10924603458147665
4
84.02324501128115
0.5257450671815854
204.97387384636252
0.3777013321246161
144.22210182663216
0.3768269485322496
0
0
0.13464300294219136
4
81.7297378221023
0.8819702059767097
202.50314192442573
0.2954754303495554
136.70475023707124
0.29846105530404665
0
0
0.08775462897272085
3
80.61561885829416
0.8592538896357037
172.1795813631091
0.4012453860806437
0
0
0.04887702946240568
3
85.50914973482104
0.5482173843105811
136.24557784811228
0.30550053936157945
0
0
0.034877267747354695
3
0
0
154.76488726839426
0.4927252956690445
84.13163601645088
0.6608720029147392
0.03581985310646206
3
0
0
160.3670072083518
0.7987851308643379
81.44527035676661
0.7750154315507335
0.015995468039273257
3
0
0
167.89752475000864
0.5598196502568958
82.87956822045021
0.8064271784844816
0.01152048423526837
3
0
0
167.5073980248784
0.6729142541098021
84.11610269378016
0.6012553821884424
0.009237499525314946
3
0
0
166.20662752649085
0.6931115423424523
83.37047169795196
0.5707651219443821
0.007463054515182184
3
0
0
169.42845060568166
0.5921355828053957
82.86346416913258
0.3394627868329885
0.005230618316706415
4
0
0
174.04544064380823
0.57484677840008
84.8363389534695
0.2689064593625494
83.84790782273628
0.2679986527181159
