8.386823879536660087e+00
8.217676343564306762e+00
7.747255380930849533e+00
7.354723849228602894e+00
6.968998137675050053e+00
6.618435382461584027e+00
6.249028045806900522e+00
5.990670251400973534e+00
5.813383476639328862e+00
5.687108849129438148e+00
5.462594008629006126e+00
5.248934614502335450e+00
4.947098596049400498e+00
4.775016887392897758e+00
4.793759062181004005e+00
4.352319416746736280e+00
4.361474129195169525e+00
4.485325769703712773e+00
4.413820850143929775e+00
4.202919485825182377e+00
4.212109369536498171e+00
3.579622049963923747e+00
-inf
-inf
-inf
7.996516385240644009e-01
9.707916685724090611e-01
1.315391563969881439e+00
1.544922332660313202e+00
1.597754787854790859e+00
1.672931408590706992e+00
1.578818248199270968e+00
1.471043183658986120e+00
1.484608613896003515e+00
1.378311444476565839e+00
1.320207848357770830e+00
1.203096642807980343e+00
1.198199314413111338e+00
1.198237184256411236e+00
1.106954969046868076e+00
1.092997432941933855e+00
1.042038742349192137e+00
1.152711728397739943e+00
1.194181394522346951e+00
1.211959938470271503e+00
1.147143335848123336e+00
1.069668125415737414e+00
nan
nan
nan
8.382847579898472290e+00
8.738172100253358110e+00
8.801265678073233900e+00
8.513172485294646208e+00
8.064673232132896885e+00
7.726618577480285133e+00
7.291797196396564651e+00
6.844138984579862139e+00
6.536459388543875093e+00
6.087506544848505285e+00
6.027627639562497919e+00
5.978459715384811801e+00
5.664250582526212163e+00
5.423329254317799553e+00
5.347563618843484079e+00
4.745144558626751774e+00
4.749184690370110928e+00
4.843819025097165998e+00
4.472292930141402501e+00
3.769543752718554686e+00
3.744110575372320060e+00
3.550204748773180263e+00
-inf
-inf
-inf
9.020393546408944641e-01
6.844695373899103430e-01
8.558756590238358886e-01
9.582842129005368914e-01
1.122136400885922702e+00
1.302750189910476752e+00
1.267004371928306172e+00
1.202924257351688730e+00
1.138594467624903128e+00
1.331152191087161540e+00
1.292648893111092878e+00
1.349906973868381987e+00
1.239067339554086544e+00
1.061176339500548682e+00
1.080705860566387733e+00
9.150647120154266068e-01
9.225680795094963749e-01
1.099709790530855047e+00
1.092066553448977517e+00
7.592499527514294799e-01
6.726325626387749113e-01
7.666781831603973751e-01
nan
nan
nan
