7.86
8.57
8.47
8.05
7.69
7.32
6.95
6.56
6.20
6.02
5.93
5.85
5.79
5.78
5.71
5.48
5.24
5.05
4.71
4.54
4.48
3.44
-inf
-inf
-inf
0.84
1.04
1.19
1.42
1.60
1.69
1.68
1.60
1.57
1.55
1.55
1.55
1.56
1.56
1.56
1.51
1.45
1.41
1.28
1.22
1.18
1.19
nan
nan
nan
8.15
9.07
9.01
8.58
8.20
7.73
7.27
6.80
6.35
6.07
5.95
5.83
5.70
5.66
5.58
5.31
5.04
4.83
4.53
4.37
4.32
3.46
-inf
-inf
-inf
0.66
0.68
0.72
0.89
1.07
1.20
1.28
1.26
1.23
1.20
1.21
1.20
1.17
1.18
1.18
1.14
1.11
1.07
1.00
0.96
0.96
0.95
nan
nan
nan
