1.537315203655410414e+03
1.350085635390893003e+03
1.609001230431282693e+03
1.378365414248472689e+03
1.261750273478152394e+03
1.226642020823381245e+03
1.092536342287991602e+03
1.256823423287778951e+03
1.157479061848114043e+03
1.301671062105219107e+03
1.514894854216253179e+03
1.461474873526432475e+03
1.073706177181563589e+03
1.263509973092571499e+03
1.596026284629231668e+03
1.429700916268620404e+03
1.148864859078329573e+03
7.680953006520302324e+02
7.854288031998430597e+02
8.041052894503239941e+02
8.092291463158233000e+02
8.320538784167324593e+02
8.045659784450385814e+02
7.969348649466606958e+02
8.263838508153544353e+02
8.319547430784544986e+02
8.327754299005911207e+02
8.597233726281181134e+02
8.195203896344651184e+02
8.468666324995423338e+02
8.689103347501011285e+02
8.738575592994092176e+02
8.314589855551836308e+02
8.693064983182213155e+02
9.145498023884523491e+02
8.188387138001991161e+02
8.270448824064276323e+02
8.755651451839052015e+02
8.404909003969507921e+02
8.219868389120202892e+02
8.122663006180222283e+02
8.264886081584573958e+02
8.261685321185906332e+02
8.791756239649678264e+02
8.789230558919559826e+02
8.153636320664222694e+02
8.470396977247596624e+02
7.988276459937078471e+02
7.736326185600559029e+02
7.708111503926376145e+02
7.288498338062162247e+02
7.545915518384418874e+02
7.189634834349729999e+02
7.901569025227619250e+02
8.145180252980766227e+02
8.559882851469691332e+02
8.797210803987585450e+02
9.050005770338956381e+02
8.474359728381610921e+02
8.736836640521358959e+02
8.549594012234484808e+02
8.341305397581396619e+02
8.527859762216303352e+02
8.873847905328383376e+02
8.191518725388735902e+02
8.547179882340408312e+02
8.841821510852399797e+02
8.653683572747819426e+02
8.953177086994508045e+02
9.063998485198684421e+02
8.900567941960280223e+02
7.773608782074736610e+02
7.818420125959397637e+02
7.432201397551010587e+02
7.406217680034376372e+02
6.700936921853879085e+02
6.630615845294404380e+02
7.454063005058270619e+02
7.052731128479509835e+02
6.590353498519469895e+02
6.755938109797619973e+02
6.673186285605115700e+02
6.808896960859323144e+02
6.798213443507451075e+02
6.794312405805908384e+02
6.987075045620567835e+02
6.947392449254566600e+02
7.064785723048069030e+02
7.336367733333232763e+02
6.984289469003720114e+02
6.989960013678013411e+02
7.101550992479054685e+02
7.121773870054976214e+02
6.865969116242291648e+02
6.933244632607377298e+02
7.010418336566152675e+02
6.841235147444319864e+02
6.825672410813132274e+02
6.967611344590716271e+02
7.018983665860721430e+02
6.982733572628561660e+02
7.122831946963046903e+02
7.186272137960510236e+02
7.021666384474694951e+02
6.872812996384606095e+02
7.123499179216642005e+02
6.912492139224597167e+02
6.927296644691881511e+02
6.991732587811704889e+02
6.802589246186969376e+02
7.131017330043691800e+02
7.067792771625445312e+02
6.983781815363901160e+02
7.042210337748823576e+02
7.150190831892657570e+02
7.163478560120062184e+02
7.357275605284606854e+02
7.177965773203434310e+02
7.157866000357478242e+02
7.281435922244996846e+02
7.269770420136987923e+02
7.275426670140130909e+02
7.088508970470960548e+02
7.119193450893351383e+02
7.060804955381911441e+02
6.894167086693336159e+02
7.037257577833184996e+02
7.598589871447990163e+02
7.487334899052892752e+02
7.965560665766233797e+02
7.448501010861640452e+02
7.259167542611827457e+02
7.146771350113632479e+02
6.932748052485395647e+02
7.233641729213186409e+02
6.884234920807137996e+02
6.841304002069490480e+02
6.686438315450928940e+02
6.569336093950392979e+02
6.752729821053469550e+02
6.607936793434317906e+02
6.770363204115161579e+02
7.078496527965965015e+02
7.066652662768540267e+02
7.267315184183298697e+02
7.091983509894887447e+02
7.183571749747538888e+02
7.467349949339378554e+02
7.431915807880192233e+02
7.329055663411711521e+02
7.299988461862512850e+02
7.187288891104303730e+02
7.550820106935217382e+02
7.395451650636042586e+02
7.406360410002173467e+02
7.489935555132165064e+02
7.493834721051354109e+02
7.672051552492861219e+02
7.601694275080859597e+02
7.672730547732896866e+02
7.540915407432215716e+02
7.554048439965553143e+02
7.505141382248990567e+02
7.738601453620617576e+02
7.630886436231782000e+02
7.431192447233286202e+02
7.230264355093813720e+02
7.130461557171732920e+02
7.229770673358785871e+02
7.217800414653927419e+02
7.117436789826913355e+02
7.264643544039165590e+02
7.196127088978727215e+02
7.033604589558644875e+02
7.166531003243978830e+02
7.468703225760991700e+02
7.030857492083835041e+02
7.340907326144158560e+02
7.069861808946511701e+02
7.051202794378747285e+02
7.176557637087206558e+02
7.138318396283239053e+02
7.382258869775660060e+02
7.621548116750055897e+02
7.149003163713845197e+02
7.063925732538845068e+02
7.127920316925117277e+02
7.111198314954200441e+02
7.061614568789771056e+02
6.526505888052710134e+02
5.979088542804274766e+02
7.083527054003636749e+02
5.588724913287803702e+02
