2.643186079986430741e+03
1.952151677863604391e+03
3.035527112277431115e+03
2.844785061699109065e+03
2.009229858188876506e+03
1.816421822969959521e+03
2.297488425162094700e+03
2.172571404537198305e+03
2.298843575031741693e+03
1.559715283611789573e+03
2.726194266131971744e+03
2.718869801235711748e+03
2.092476613203764373e+03
2.482172922488691256e+03
2.976218611507143578e+03
1.885197560149212450e+03
2.087410937587321314e+03
1.190271713526230997e+03
1.201163330235313424e+03
1.206379756472341569e+03
1.263263829627948780e+03
1.275437720734603317e+03
1.217432484411692485e+03
1.156254174625746600e+03
1.187918934081624684e+03
1.141837312107138132e+03
1.198155233471472457e+03
1.284384120076072122e+03
1.209028976477731248e+03
1.249758041572751381e+03
1.206102002581953911e+03
1.182723132603884551e+03
1.262781404069575046e+03
1.179073856680715380e+03
1.102778629646529453e+03
1.120077290791788755e+03
1.102514552440031366e+03
1.104291795726109740e+03
1.102642997086960349e+03
1.131249103307653968e+03
1.141789531419756713e+03
1.181449012250801616e+03
1.168499718315312521e+03
1.154467979457422643e+03
1.287751648761804745e+03
1.251233712512930879e+03
1.155624581758541126e+03
1.139323469266716302e+03
1.211785135585704893e+03
1.192688850877560299e+03
1.237744940182787104e+03
1.265658654452449127e+03
1.197786776259876888e+03
1.213697968484427520e+03
1.170021605468339203e+03
1.184367260165633752e+03
1.277739543217768414e+03
1.323876577164430273e+03
1.327121888960197339e+03
1.373527832012961426e+03
1.366219437307993758e+03
1.332799554611909798e+03
1.303677663214567247e+03
1.284212132014424014e+03
1.244766036631664974e+03
1.288550042914618189e+03
1.335297865874585796e+03
1.339346752794448321e+03
1.351806462319637603e+03
1.279553771340942831e+03
1.327575112569587191e+03
1.220727703911059734e+03
1.200285810857795923e+03
1.145351315845761519e+03
1.137691743016115652e+03
1.172798893666966933e+03
1.075029706861268096e+03
1.114472616167561910e+03
1.216225771968991921e+03
1.237954602681830693e+03
1.270952379466412594e+03
1.256506937724859199e+03
1.235454762606753320e+03
1.257357751918442546e+03
1.238734339370115777e+03
1.206271731717293960e+03
1.207476374884017105e+03
1.232113545781560333e+03
1.199625835985964841e+03
1.201191489403468722e+03
1.240825872460269920e+03
1.206127739632471275e+03
1.227599722356228995e+03
1.237699044057302444e+03
1.246043341470111500e+03
1.257319755253620315e+03
1.230829982064768274e+03
1.242985401269242402e+03
1.235677318921832921e+03
1.237047597743551705e+03
1.223915152045477498e+03
1.216255213295432441e+03
1.225609925127126417e+03
1.211271735202371929e+03
1.213975000350225173e+03
1.229594179731467875e+03
1.220482725202499296e+03
1.236701617904162049e+03
1.227741859794728043e+03
1.212207393186076160e+03
1.203710908552526462e+03
1.228571812156739270e+03
1.191605966807177083e+03
1.217877230152164657e+03
1.174815948564266819e+03
1.223467532689401423e+03
1.221083122422761335e+03
1.197519240289832851e+03
1.219020589898318576e+03
1.223559001683463521e+03
1.235345911039279372e+03
1.215054908681358256e+03
1.218010559114331272e+03
1.219750877877788298e+03
1.234748355736472604e+03
1.213843611767508492e+03
1.257472445884937542e+03
1.261455318293655864e+03
1.240083437701486901e+03
1.258420341214430891e+03
1.263712793611276084e+03
1.243383731526631209e+03
1.226125826168400636e+03
1.203676800342294655e+03
1.238054040730705310e+03
1.248595509109332625e+03
1.191600550875032468e+03
1.169368053026121061e+03
1.189445445330104349e+03
1.218088628108567946e+03
1.212549575191211488e+03
1.182537137132252155e+03
1.199706896814523134e+03
1.209615273692833853e+03
1.202758503855960043e+03
1.202914381922574421e+03
1.207844132336141911e+03
1.197746260204218288e+03
1.184365741677980168e+03
1.207328560118956375e+03
1.197360195843618612e+03
1.197061873509058614e+03
1.210660944295434319e+03
1.208792317209333305e+03
1.179596872233557860e+03
1.187249528027152337e+03
1.228210956198414578e+03
1.205418541046655491e+03
1.201080191613882334e+03
1.211007224440816344e+03
1.198921386900394964e+03
1.200893213797035287e+03
1.174817758895048200e+03
1.193262859374092386e+03
1.196910067572756134e+03
1.193022471014292023e+03
1.207822488731225576e+03
1.204429474941165381e+03
1.201974891235591713e+03
1.197588030912193290e+03
1.208399483695528716e+03
1.169237789161188402e+03
1.147430478061476833e+03
1.152238985995018993e+03
1.171659962556243727e+03
1.131567022711423306e+03
1.133093871687966157e+03
1.161253137163324936e+03
1.167046451719657625e+03
1.147894552045963565e+03
1.197801665016100969e+03
1.182851615788082881e+03
1.157601299405442660e+03
1.194557672850202380e+03
1.182505572840639843e+03
1.168633216278420832e+03
1.165873352257565784e+03
1.163494866041303567e+03
1.154387881946523521e+03
1.148777662380012544e+03
1.069152031582597374e+03
1.525191894932956757e+03
1.913386233777452389e+03
