4.297346607077959675e+02
4.338613335783614957e+02
4.288806892749241797e+02
4.144144594552971625e+02
4.308773181367635630e+02
4.403035122304555671e+02
4.331089828553228358e+02
4.479621278466356102e+02
4.311170846343895278e+02
4.850509693115196228e+02
4.591086803657876203e+02
5.885429660714752345e+02
7.752485488611912388e+02
4.455898614124903929e+02
5.776586786007854926e+02
5.374758923237507133e+02
7.596080017734082048e+02
6.851388494941679710e+02
5.267095939564761693e+02
5.180037267372003953e+02
5.610346871999981886e+02
5.962853697637317509e+02
5.532171658341086413e+02
6.273816876132397056e+02
6.149752949191142761e+02
4.805063749090009537e+02
5.625665430470785395e+02
6.065463706953208884e+02
5.665848226332648210e+02
6.114274185381478901e+02
7.248795009345147946e+02
5.561534239067128738e+02
5.938099438416156772e+02
7.253678156740622853e+02
6.043663881491302163e+02
5.582598435610877914e+02
5.717602870965000648e+02
6.772053936437677066e+02
8.336880131945393941e+02
6.201548205892942178e+02
4.449454295356704847e+02
7.736572050846783668e+02
6.545153546791989356e+02
8.623041907230855259e+02
6.876178474713694868e+02
8.093725020311633216e+02
7.552108190967389874e+02
6.801128574617424647e+02
5.350194372774733438e+02
5.090780888706686937e+02
7.068430874875176642e+02
7.189154219219667539e+02
5.540597646254701658e+02
5.881452807869042090e+02
4.980240550994155342e+02
5.724044260253584753e+02
5.110365977661106172e+02
5.221253442850239708e+02
7.120080842803481573e+02
6.385557952452072641e+02
5.748217828589763485e+02
5.545663782115211689e+02
6.275843286498030693e+02
3.794002423672820896e+02
4.716430874364359056e+02
4.878550630936921948e+02
4.059086199510816186e+02
6.388192083690887557e+02
5.828478375961361735e+02
3.719429890353109727e+02
3.782322338617504442e+02
6.576467912821907476e+02
7.228437062160722917e+02
5.887222532988299690e+02
4.251503056813496642e+02
4.338506051855172814e+02
4.189002395797019176e+02
4.577586004669396971e+02
1.610380954914903953e+02
5.069615978339604681e+02
4.382186533998261098e+02
5.464778477572318707e+02
4.196751812718053998e+02
4.118390883717612496e+02
5.030268996710688043e+02
4.263778155019652445e+02
3.891434477677279915e+02
5.216248501913141808e+02
3.897417028327149069e+02
3.916212735671624614e+02
4.056848621654372664e+02
4.253458191992683624e+02
4.860274204834610146e+02
4.331806657828199150e+02
4.288326491152715789e+02
4.182713847620012757e+02
4.087264238976571846e+02
4.294776659204172233e+02
4.108987895516482354e+02
4.220978753194519300e+02
4.262731268386887109e+02
4.623100745536923455e+02
4.314459110915677797e+02
4.298543527510797730e+02
3.925544896093550165e+02
4.302986305386542654e+02
3.740780473240246806e+02
4.467908125037919262e+02
5.687788494852627537e+02
4.642748321550543551e+02
4.431023593310845285e+02
4.281710368935710562e+02
4.145267794596876456e+02
4.674595421570264762e+02
4.121467589118067281e+02
4.398779372090706374e+02
4.098748282136050420e+02
4.212047388495117843e+02
4.133084651230400937e+02
4.100519021837276341e+02
5.172377240939973717e+02
5.776456534426719145e+02
4.133793267459385561e+02
4.103269027550888950e+02
9.742101400619670812e+02
4.330150061020575549e+02
3.465642482508144440e+02
8.156792444641204156e+02
2.259161293166451117e+02
