1.998748444956666617e+03
2.031001311818306704e+03
2.038971625073233099e+03
2.031764965130716064e+03
2.017213386487148227e+03
2.012231258174461118e+03
2.018308387308739611e+03
1.982844367562765456e+03
1.959760586823399080e+03
1.940187598610726127e+03
1.929795237003067996e+03
1.927199065921151487e+03
1.927106889652203108e+03
1.937614624253760894e+03
1.937897753720712444e+03
1.946331345183297799e+03
1.928716663576363544e+03
1.933587825870277356e+03
1.954774334521096307e+03
1.958923102146574365e+03
1.969386808956695631e+03
1.947366878703253406e+03
1.941739739315317138e+03
1.951099162719489868e+03
1.939074128837122771e+03
1.944506265302720749e+03
1.949658747850149894e+03
1.947794329614730941e+03
1.954513991739130006e+03
1.948157970238075904e+03
1.943264434452606565e+03
1.938832004146270037e+03
1.937485078856341715e+03
1.931351308640013485e+03
1.914732822361716217e+03
1.927987681516164002e+03
1.924443806475883093e+03
1.936719796232508543e+03
1.925342837883540824e+03
1.906473730561712955e+03
1.914526942085646851e+03
1.928034815317712400e+03
1.917580352657142839e+03
1.939527804135068436e+03
1.944482313154691155e+03
1.956934036007092800e+03
1.956667319415867496e+03
1.948358966005095908e+03
1.929824871069610481e+03
1.934609211685296941e+03
1.936561361134423805e+03
1.948850377838111172e+03
1.953493486294455124e+03
1.969852828547052468e+03
1.962180551380586621e+03
1.961778411804424195e+03
1.955491018606804118e+03
1.956478941622343200e+03
1.948675996875920646e+03
1.916240238632697128e+03
1.912440046515284848e+03
1.906697929360636863e+03
1.915774500632998752e+03
1.915047363652262447e+03
1.948323609194341316e+03
1.956344285533467200e+03
1.947296206276840167e+03
1.943346928393111739e+03
1.933130566140400106e+03
1.961945491062588644e+03
1.950993852742297349e+03
1.946426932357649321e+03
1.944154342874185431e+03
1.931100065757277889e+03
1.937906905985574440e+03
1.919288772869876084e+03
1.916182030043043369e+03
1.909613670718590811e+03
1.918336943418779811e+03
1.911231414829147070e+03
1.911041217537956754e+03
1.911023673646146790e+03
1.915029909986398934e+03
1.909325550637925971e+03
1.913421015727844633e+03
1.903127690119982617e+03
1.907386000404024344e+03
1.905928244388540634e+03
1.897648750006979071e+03
1.907127530157302999e+03
1.890601517149228357e+03
1.897029534216134380e+03
1.899909401911947043e+03
1.881017194281058437e+03
1.880397765283755916e+03
1.887620779345847495e+03
1.885211313891953068e+03
1.899546881166506637e+03
1.883605856234713201e+03
1.897503959934099612e+03
1.898782658190243865e+03
1.915471149890960987e+03
1.919890829406129797e+03
1.913467379627632226e+03
1.926605472160182217e+03
1.910972193506607709e+03
1.912509925682119274e+03
1.924655961361910158e+03
1.932321989330784618e+03
1.931214880674983988e+03
1.905070623441659563e+03
1.908986680032743379e+03
1.916425476817178833e+03
1.902017160564068718e+03
1.896302316316743600e+03
1.900692916285945785e+03
1.890371528253648648e+03
1.903578278417036245e+03
1.902805086892184590e+03
1.910767729813770075e+03
1.905347341634861323e+03
1.908988403117993357e+03
1.903648117159757703e+03
1.914127455357034023e+03
1.907536440662005589e+03
1.906234441249060410e+03
1.897802568327031167e+03
1.911184653822477912e+03
1.891632809519459897e+03
1.897003730274862164e+03
1.908896952905959097e+03
1.892330791110106247e+03
1.908678437724403238e+03
1.908400163261207808e+03
1.924271138064921843e+03
1.916714188635248320e+03
1.900874949253347268e+03
1.902370590552685371e+03
1.901562969982831191e+03
1.903469671905754694e+03
1.924678026519810373e+03
1.918509102061360636e+03
1.918262720259911021e+03
1.916935316277286120e+03
1.940688565259147026e+03
1.905167963118091620e+03
1.915662245632104941e+03
1.940121769290590464e+03
1.915500506590894702e+03
1.931624449175967356e+03
1.921795187265149252e+03
1.921279022644144106e+03
1.914774015278405159e+03
1.920075572929137024e+03
1.907252685093473247e+03
1.915996423461072482e+03
1.915805077128047742e+03
1.916898611717968834e+03
1.935767691047199833e+03
1.945259251922542035e+03
1.962199647783230148e+03
1.948798104333488027e+03
1.954591152442022576e+03
1.939339697859393482e+03
1.944060422542968581e+03
1.943250459449236814e+03
1.909678534586743126e+03
1.898009693190842881e+03
1.901111159258184671e+03
1.903242784353931938e+03
1.941961094980432563e+03
1.928900829768638459e+03
1.931837335083956987e+03
1.950131725129765528e+03
1.933506762068696389e+03
1.934349246604850805e+03
1.964795661360092026e+03
2.073614860362594754e+03
1.918634912209592130e+03
