3.665790038747946937e+02
3.602623151820891394e+02
3.560574473462630181e+02
3.501328744061191856e+02
3.439059936994162285e+02
3.555503830532684901e+02
3.648772768821779664e+02
3.824002182618361303e+02
3.900638193649883760e+02
3.839075529829077595e+02
3.764164862696153477e+02
3.708994617755118952e+02
3.702964810145679735e+02
3.750372502389503211e+02
3.741622154288942852e+02
3.763103697011621875e+02
3.770411187766688954e+02
3.787761083124159427e+02
3.777231567539743651e+02
3.783947817340616666e+02
3.797620595737388953e+02
3.839532049614824700e+02
3.817935763492214960e+02
3.833828538380886926e+02
3.904684275016301740e+02
3.913873555170963527e+02
3.935894352733541268e+02
3.946325725115216869e+02
3.933424277559702205e+02
3.919434661413563958e+02
3.903681919418218058e+02
3.872504313086902812e+02
3.844920191843878001e+02
3.843603260175522109e+02
3.848710168577473496e+02
3.849820320112575018e+02
3.857758619550485832e+02
3.897638127817857026e+02
3.906871870327270244e+02
3.944740815664434876e+02
3.965781587263450092e+02
3.973271502593040623e+02
4.000327887971311043e+02
4.037733625244720770e+02
4.086488587420718659e+02
4.080378515819010090e+02
4.056362828282192936e+02
4.038986640057738100e+02
4.020458842457839523e+02
3.991022934526168910e+02
3.969916582801616300e+02
3.951021358572755844e+02
3.938894823856151675e+02
3.937804321053888543e+02
3.926834769104370935e+02
3.929727284529507756e+02
3.934926074869608783e+02
3.922513665210238969e+02
3.907386362550222429e+02
3.894969001199953027e+02
3.897216742667249605e+02
3.909422351143734318e+02
3.920715356967914431e+02
3.915105001622001737e+02
3.922592805975390320e+02
3.895800219380757881e+02
3.878296228822940748e+02
3.882684185421123289e+02
3.888705050879116811e+02
3.882411629740028616e+02
3.859392522648335557e+02
3.855514689176026195e+02
3.876964378241630698e+02
3.902907595792762550e+02
3.905997077909111681e+02
3.914748434635956755e+02
3.922732954920915063e+02
3.946355290661324489e+02
3.961591104581686977e+02
3.970772607195444266e+02
3.961886397028938518e+02
3.950112291342732078e+02
3.947061313854209743e+02
3.938841606224778502e+02
3.939518788954299566e+02
3.947637391201354831e+02
3.942037589038907299e+02
3.916822014782850943e+02
3.927763205263473196e+02
3.926663017135259111e+02
3.926727482623387573e+02
3.927079043096820783e+02
3.917896342433460859e+02
3.918125985514706713e+02
3.898180591975615243e+02
3.888166928560639235e+02
3.895713566536649068e+02
3.894938789099735459e+02
3.913899248326259226e+02
3.929577858068316232e+02
3.928687802448447997e+02
3.911038705437412659e+02
3.909732674108616948e+02
3.909658320737848385e+02
3.911324406583102018e+02
3.912579349701637170e+02
3.955115117597877088e+02
3.982390570637354017e+02
3.992085364983491331e+02
3.956258796103565487e+02
3.921964919610759353e+02
3.912857931886975962e+02
3.907090939809784231e+02
3.911057492717951618e+02
3.904611209563912553e+02
3.907240236945273750e+02
3.896903151782528312e+02
3.906046163728714760e+02
3.920026888628290749e+02
3.890346996924653240e+02
3.855481377117527586e+02
3.825762210406606982e+02
3.823151247636412222e+02
3.806088563363296657e+02
3.803933452223265022e+02
3.770048514628329599e+02
3.773669157020662510e+02
3.774157647950072487e+02
3.746225836362493737e+02
3.772341496155718801e+02
3.792656297947170856e+02
3.843727078428778441e+02
3.868508062913917342e+02
3.802164611610256770e+02
3.657234651111808716e+02
