2.171622264320889826e+03
2.177440325925040725e+03
2.187940806874376449e+03
2.195398876535114596e+03
2.202289758347473708e+03
2.196487021495048339e+03
2.198486769476382051e+03
2.187029116924448772e+03
2.186446055669884572e+03
2.197467704300233891e+03
2.186762812300431960e+03
2.189212896663887022e+03
2.191886495199692035e+03
2.220935137530521843e+03
2.195656288000519453e+03
2.212583298923559596e+03
2.201265421600964601e+03
2.194291555623435215e+03
2.186679718891412904e+03
2.191730538298720148e+03
2.189131361109186400e+03
2.180504664344071443e+03
2.198216375863793928e+03
2.208459229397081799e+03
2.238568923598413221e+03
2.238219612657184371e+03
2.240658053107869364e+03
2.230988546729103291e+03
2.218705282212224120e+03
2.196934915722593814e+03
2.190801390208478551e+03
2.190228974920897144e+03
2.193705065863663549e+03
2.196903460117865961e+03
2.216542959158152826e+03
2.209270746687001065e+03
2.228651235682093102e+03
2.228629867802358604e+03
2.261626711110738597e+03
2.274340796325787778e+03
2.271732519349301128e+03
2.285911509022823793e+03
2.265412990466392330e+03
2.202784220482881665e+03
2.192043315977288785e+03
2.201752555930891049e+03
2.194852686502780216e+03
2.212879291458601529e+03
2.217859837472354684e+03
2.259087955119591697e+03
2.260628798851509600e+03
2.276643334029904963e+03
2.277946472822948635e+03
2.300014665847393644e+03
2.316438688567664940e+03
2.289462185139254416e+03
2.287643050759668313e+03
2.298844782909214246e+03
2.281874299474489817e+03
2.247554833214650444e+03
2.227133915231329411e+03
2.210502799849410167e+03
2.208101198264592313e+03
2.217273371285946268e+03
2.213817249839792566e+03
2.217967570758763031e+03
2.223630931453274570e+03
2.214580590515777203e+03
2.244241962682244775e+03
2.251285122203013543e+03
2.295517408402443380e+03
2.297495980099669850e+03
2.294056032411398519e+03
2.312731709287490503e+03
2.324262379971271002e+03
2.302044152081807169e+03
2.303520985453449612e+03
2.294490874745128622e+03
2.303679438316580217e+03
2.267151568511967980e+03
2.294484584451808132e+03
2.290208654861672585e+03
2.281391815746637803e+03
2.285253481948936496e+03
2.263097486591438610e+03
2.264648571700286993e+03
2.258118725672980418e+03
2.258555010720327118e+03
2.274726367353853675e+03
2.263810354921117323e+03
2.234934868123342767e+03
2.253415402599157460e+03
2.264348836946573556e+03
2.251650463370389389e+03
2.266932291484399684e+03
2.255325664430697998e+03
2.253863936744795410e+03
2.270734587242757698e+03
2.248217929124901730e+03
2.259374730126711256e+03
2.259141123959455854e+03
2.282225824023360019e+03
2.273847903778952968e+03
2.280337951307052208e+03
2.280171603029217749e+03
2.266391230289314535e+03
2.248629829859419715e+03
2.233709620563756289e+03
2.249534959030515893e+03
2.246003848018132430e+03
2.233224892312823613e+03
2.238278712417597490e+03
2.240673585345235551e+03
2.254303125319058381e+03
2.255455773443028193e+03
2.281162711088401011e+03
2.268000377272216610e+03
2.256216901195427909e+03
2.235424321409314416e+03
2.243413345328251125e+03
2.252128095077110174e+03
2.258053628022372322e+03
2.270159950759330059e+03
2.267020453088775866e+03
2.285894406877913752e+03
2.322136836421505905e+03
2.282506554674425843e+03
2.282408518292140798e+03
2.297634087687957162e+03
2.281421969543804607e+03
2.253570018104268456e+03
2.242926612838331494e+03
2.243052680429292195e+03
2.260619358994266349e+03
2.277571047408815502e+03
