6.124119255622197215e+02
5.637525525992110715e+02
5.382181761664384112e+02
5.632904944098307851e+02
5.420019487521959718e+02
5.569276527454254619e+02
5.484609034711625100e+02
5.421279875597232376e+02
5.536104244920628616e+02
4.555704968365341756e+02
5.619804411602024174e+02
5.554350660243571838e+02
1.008624972857825668e+02
1.002584841162851745e+02
3.887112595680121103e+02
4.341365953390485402e+02
4.221509933450776089e+02
5.115405747642596452e+02
5.687475837776672734e+02
5.636556219779240564e+02
5.646444093207725246e+02
5.930909592707987485e+02
5.624524317784920413e+02
6.052334191415386613e+02
5.806880539797723486e+02
5.387689537939585307e+02
5.260766177334621716e+02
4.734007982996433270e+02
5.291207067309740069e+02
5.455618067583060338e+02
5.487221721198717432e+02
4.951804198652145601e+02
4.542646659662099182e+02
4.398224544252594228e+02
4.539508646929925817e+02
4.563886648749892743e+02
4.698239806020449123e+02
4.637965232845902506e+02
4.705871583270523502e+02
4.735691310248333252e+02
4.703886697594723501e+02
4.530642792282545770e+02
4.784293128709511507e+02
4.538520378846678796e+02
4.450469597985880910e+02
4.412277059769395464e+02
4.568901198186784427e+02
4.295396040234716679e+02
4.374217669485221336e+02
4.425472297759611706e+02
4.508261184479755457e+02
4.515598057184161007e+02
4.394953651100399270e+02
4.446676187843787034e+02
4.458988087222870149e+02
4.485301526486010175e+02
4.616224277503652615e+02
4.629725573710557001e+02
4.661316602559790567e+02
4.533516979779067810e+02
4.685167355932379678e+02
4.589043567247961164e+02
4.675309317603870340e+02
4.410978400871925373e+02
4.497339450353731536e+02
4.565162771856795985e+02
4.489661879852969264e+02
4.473241651674497916e+02
4.638201810161969547e+02
4.545039769182017722e+02
4.546744106213620853e+02
4.582016231382277169e+02
4.588563041532750049e+02
4.619921446893258690e+02
4.839707891800493940e+02
4.629308232465620563e+02
4.858377050930092764e+02
4.812447118523407994e+02
5.080929325971766843e+02
4.958821322935699527e+02
4.713773245777293255e+02
4.731228725281813468e+02
4.804323929775760575e+02
4.781843965239714862e+02
4.655135007187612928e+02
4.574024266005425261e+02
4.577865265531729619e+02
4.554016691467382998e+02
4.456353149298794847e+02
4.538358047261849038e+02
4.589140033926859132e+02
4.621476180571755776e+02
4.548839678807082123e+02
4.563399134028715594e+02
4.553017836601958379e+02
4.491784810351748547e+02
4.577970779212604384e+02
4.459945239133460291e+02
4.369888586229627094e+02
4.443494332264126569e+02
4.409730911542032459e+02
4.481318350984103063e+02
4.497806801132280157e+02
4.440518652405743865e+02
4.484082230681643750e+02
4.490425375190129103e+02
4.577274197239840419e+02
4.511995859229890584e+02
4.524862888361237765e+02
4.499562902708673278e+02
4.299517259909213749e+02
4.187111874804764966e+02
4.292757067783581419e+02
4.120513519775427085e+02
4.181795372537754361e+02
4.365073806960630804e+02
4.310752126876533907e+02
4.125063456909809361e+02
4.332996898964613592e+02
4.264642279566530192e+02
4.273795506220827747e+02
4.505269136641833825e+02
4.446396625081414982e+02
4.377984087533328648e+02
4.388689206437207986e+02
4.356662606579965882e+02
4.404501621444136390e+02
4.424869263426311932e+02
4.426088704359201529e+02
4.467278642310084820e+02
4.484246405171263632e+02
4.337477790647518532e+02
4.493264974857146967e+02
4.414349696852833631e+02
4.330145095008020348e+02
4.174684736656831774e+02
2.772513052872559456e+02
