6.825270177749333698e+02
6.332012059794641345e+02
6.423313086031541843e+02
6.708621826686229497e+02
7.022401850256513853e+02
7.400587810676323670e+02
7.723434985675755797e+02
7.637147253812523786e+02
7.807254028056393054e+02
7.825086814313698369e+02
7.512418847592068687e+02
7.161356022560291876e+02
7.262279666648381635e+02
7.579161859074350787e+02
7.233879889956234592e+02
6.523145247758342293e+02
6.508613025089580333e+02
6.613106863223584924e+02
6.514475213416340011e+02
6.573585801453918975e+02
6.564636095782284428e+02
6.590430386440583561e+02
6.437833431390806709e+02
6.296675223610994863e+02
6.549877048392301049e+02
6.703395848557115642e+02
6.404651604135243588e+02
6.604632437326689569e+02
6.585374193126995124e+02
6.907139311250242599e+02
6.428222442073820275e+02
6.430219570906160698e+02
6.454568517980929983e+02
6.508915763013233118e+02
6.523378281251160615e+02
6.548614254430011670e+02
6.516889562169702685e+02
6.564661710434216957e+02
6.474610235111591692e+02
6.593012090540564714e+02
6.540789128776830239e+02
6.488943482616181200e+02
6.614493135724978856e+02
6.878295012632039516e+02
6.649788650605661360e+02
6.391834638534558053e+02
6.854997241832008967e+02
6.489539849165882970e+02
6.632351874528322924e+02
6.602371240038086171e+02
6.854513455278979563e+02
7.133983496646812910e+02
7.138592790205046867e+02
7.310477232958140803e+02
6.972387111242858282e+02
7.221226759561029667e+02
7.620994381637802917e+02
7.606280874739529736e+02
7.506239781422325450e+02
7.249305683885764893e+02
7.464872495677165034e+02
6.918589685124856032e+02
7.182707758367735096e+02
7.126696734629628054e+02
7.259745494133234160e+02
7.333166334378086049e+02
7.322298573559170336e+02
7.425994523941697025e+02
7.543979936718490080e+02
7.496565268112137801e+02
7.462106047634905508e+02
7.110773379440604458e+02
7.366093769915311213e+02
7.463428657959149177e+02
7.323021235425135274e+02
7.333922341326158403e+02
7.406673183223289243e+02
7.383479702603843862e+02
7.565124744126051155e+02
7.509895421992844149e+02
7.244308027044041864e+02
7.213284139113874289e+02
7.383054193736367097e+02
7.300452656413172008e+02
7.257834137022562118e+02
7.327796083458999874e+02
7.051323598653170848e+02
7.305485154123667826e+02
7.398390499421251434e+02
7.308655372646285286e+02
7.431954171950309274e+02
7.393727206781381938e+02
7.223496647418419343e+02
7.407889659015249890e+02
7.336684699270656438e+02
7.499440799685645516e+02
7.461202554261228670e+02
7.633848304192723617e+02
7.460361814988489186e+02
7.072602410387206646e+02
7.321671393317931233e+02
7.434242917475088461e+02
7.358439835216577194e+02
7.500039186491159171e+02
6.991749916170762162e+02
4.854432308563915512e+02
