3.671674479595494063e+02
3.671468115591883361e+02
3.182324428608475273e+02
3.197820102547893839e+02
3.454148411072156364e+02
3.551080947827453542e+02
4.852382593079171329e+02
3.564429518307764511e+02
3.187042018091614182e+02
2.989166821201295647e+02
3.098080579784476640e+02
3.125876656401196669e+02
3.152530549707316254e+02
3.380547523631643116e+02
3.339886436311560374e+02
3.318465069701427410e+02
2.979399362123384662e+02
3.262102634831312002e+02
3.459958398311753740e+02
4.289896426232385807e+02
3.256947926004908709e+02
3.611025423854711107e+02
3.208008521886968651e+02
4.100562876364653562e+02
3.513288221529514885e+02
3.168775136224217590e+02
3.223240944406849167e+02
3.335509690101526417e+02
3.197509010265685561e+02
3.544518461218317498e+02
3.081671299763145839e+02
3.090732132100031890e+02
3.037893911420017616e+02
3.329158774173704956e+02
3.383160865639188160e+02
3.671974125338626891e+02
3.540783014877031292e+02
3.271423629985733328e+02
3.263689398017796748e+02
3.476640843914932475e+02
3.538945226316483854e+02
3.108224093488612425e+02
3.044539449818225307e+02
3.295411504158400362e+02
3.066193772056103626e+02
3.099437098889960680e+02
3.062747610970795904e+02
3.064624962177643965e+02
3.061653396822054560e+02
3.096734628591205478e+02
2.951190410701926226e+02
3.677072132925378583e+02
5.467057473299516914e+02
2.725969128880976768e+02
2.833102867109437284e+02
2.384644424623183454e+02
5.906305484502678382e+02
2.912770978914139732e+02
2.886066530947482534e+02
5.658270207662435496e+02
2.971904895721780804e+02
3.335008238798012030e+02
2.973004121843820826e+02
3.184245575783169784e+02
5.843639988650570558e+02
2.863913451077663694e+02
3.035404601494506664e+02
3.264000852887957080e+02
2.715035628773916869e+02
6.550906987532005132e+02
3.089800000024957853e+02
3.271539355864512117e+02
2.989986997297323228e+02
3.943679401535389957e+02
5.831408007293630362e+02
3.388751109727735411e+02
5.667607152481410822e+02
5.563996467549650333e+02
5.346326202202191098e+02
5.363363339617726524e+02
2.328176531389756860e+02
6.370522380753087646e+02
5.768358222316990123e+02
1.342946457614022222e+02
4.512586795914380104e+02
3.978552239516199052e+02
3.144228216866839603e+02
2.811448823104992130e+02
3.083407318577632736e+02
3.360798109942602991e+02
2.903966886735617550e+02
2.912124148840897533e+02
4.975116039634619369e+02
5.838290750740192152e+02
3.386066718623653173e+02
1.414543874780418378e+02
3.860135704755935535e+02
4.892036552832354914e+02
3.010088985951793461e+02
3.043594723317066837e+02
3.443364856661223712e+02
3.532752173029090841e+02
3.484297021840548041e+02
3.701582375466388726e+02
4.481423723499133303e+02
3.648239312300286770e+02
3.658177660312540525e+02
4.914105825280128670e+02
4.888025646595602325e+02
3.548523364844882053e+02
3.463321193890291170e+02
3.515315087225668549e+02
6.203355535577654791e+02
