6.084024297803538275e+02
7.773385319047196163e+02
6.652034996925715404e+02
8.087959736172172143e+02
6.399762591580374647e+02
6.464641712263470481e+02
5.160302352795797560e+02
5.269434172990086154e+02
2.751044130923986813e+03
2.683105967965243508e+03
2.669478321908361977e+03
2.671279031035053777e+03
2.670551314195156010e+03
2.661848677516849420e+03
5.991197302913139993e+02
2.675895688847254860e+03
2.651097744823291578e+03
2.631510804452947923e+03
2.678319143741853622e+03
6.083051130492274297e+02
5.791265628530959475e+02
5.842284227589299235e+02
5.927550688089357891e+02
5.757304544857770452e+02
5.719354110868741827e+02
5.611815309999352621e+02
5.756491010463345219e+02
5.766943692625859512e+02
5.928162083223821810e+02
6.147640511289399683e+02
6.005108043460563749e+02
5.954313498393274813e+02
6.104291187270354158e+02
6.189691490830626890e+02
6.300498774167920146e+02
5.850833669920006059e+02
5.609371471895771037e+02
5.619167580516158296e+02
5.557608051814968348e+02
5.611409897395361668e+02
5.620970733421537489e+02
5.623310185809405084e+02
2.703563336514930143e+03
2.674013273875334562e+03
2.678469322806805394e+03
2.684669528599677506e+03
2.670842722013190269e+03
2.658156653877203098e+03
2.656939031110270207e+03
2.657196650461919035e+03
2.711038526032612936e+03
5.256799699866403444e+02
5.435701214671362322e+02
5.133515614672796801e+02
5.145818083286966385e+02
5.263554658035437797e+02
5.391809667632015817e+02
5.843284911641439976e+02
5.392660012921663792e+02
5.435499895506343364e+02
5.731420507004780802e+02
5.921035083545237967e+02
5.729425680771099678e+02
5.595419407732853188e+02
6.012556291184371275e+02
5.618284529823353068e+02
5.623321926050780348e+02
5.621141331134973598e+02
5.520183581321364272e+02
5.601540597146542950e+02
5.492991422090160540e+02
5.852174031254610327e+02
5.231042681303796371e+02
5.413825806924712651e+02
5.447447726798125132e+02
2.665213957643211415e+03
5.488392931778217871e+02
5.403282343169231581e+02
5.309490995278891887e+02
4.988240945936800017e+02
5.067053967326423276e+02
2.661615000066432458e+03
2.667111987153215523e+03
2.651444481830753375e+03
5.007086471843051640e+02
5.213776608600769578e+02
5.201731926321625679e+02
2.639487773011344871e+03
2.637375458505322968e+03
5.307139652170966428e+02
5.290557242157810833e+02
5.315733291814927952e+02
2.617159126056772038e+03
5.401967722111118064e+02
2.621245658670644389e+03
2.608903529319571135e+03
2.695736888734455533e+03
2.693426427766813504e+03
4.799255559376284737e+02
2.701905960585371758e+03
2.661941314539565610e+03
2.651493429181803094e+03
2.640061008573172330e+03
2.664746205615095278e+03
2.638884394870524375e+03
2.692778739767892148e+03
2.729855807063476732e+03
2.713386570809045224e+03
2.687508869438993770e+03
2.672926740526460890e+03
2.662752785368501463e+03
2.702513923378433901e+03
2.733967596854261046e+03
5.271506385220237689e+02
5.264309665038852017e+02
2.623514776475585677e+03
2.631186565992463784e+03
2.634826243763652656e+03
2.658442652483594884e+03
2.653853328240490555e+03
2.653358929868638370e+03
2.655360708939337201e+03
2.662810530798058608e+03
6.089211273920202530e+02
5.992883351375373877e+02
6.100815160218569417e+02
6.136772140256080093e+02
6.100313441361790865e+02
5.746807529265382755e+02
2.640910233514082393e+03
5.288254422483312283e+02
2.630420897006179530e+03
2.656519477142343021e+03
2.655024717372078612e+03
6.892670450488550387e+02
2.594330897294087663e+03
