348577.69 1.34 89387.82 686.56 1185.65 412.22 1713.35 303.58 1938.93 463.80 916.50 444.03 1589.07
626582.19 0.99 229732.14 702.74 1201.50 440.09 1759.98 302.67 1925.18 439.15 838.96 370.04 727.25
583399.28 1.02 205024.44 665.58 1225.01 455.39 1631.22 315.74 1927.09 471.04 842.94 348.69 761.65
1049931.86 0.99 399503.48 881.15 1634.94 507.67 2344.12 415.31 2474.78 452.11 868.02 412.17 853.05
1015010.97 0.96 333440.41 820.48 1529.65 466.23 2309.58 422.95 2517.90 407.35 873.09 384.29 854.58
989063.50 0.97 343698.84 781.90 1569.58 496.22 2360.25 417.23 2546.35 442.74 928.61 373.90 861.43
975553.47 0.97 443570.15 865.82 1736.06 408.85 2443.12 291.21 2520.04 479.09 1121.90 378.92 893.17
776193.60 1.07 269325.08 659.08 1683.27 491.00 2405.84 368.78 2582.09 390.45 1012.65 361.78 1065.66
716143.51 1.03 315882.22 690.34 1541.04 426.35 2397.71 324.92 2565.34 433.82 1085.75 320.92 1150.55
239869.33 1.43 62564.13 546.52 1416.79 329.63 1498.00 268.80 1638.07 356.65 1001.44 357.36 1073.69
264234.47 1.54 120141.46 587.62 1776.80 323.59 1529.76 259.93 1631.05 384.43 995.36 275.45 1099.59
248991.11 1.42 125182.00 503.47 1583.68 325.23 1535.29 252.00 1650.86 415.98 979.33 239.52 990.58
935458.27 0.94 372328.16 809.18 1374.74 488.14 2308.06 399.49 2487.43 495.42 841.51 397.51 937.69
1164423.33 0.88 537910.52 963.15 1512.58 521.61 2312.32 378.12 2483.32 485.34 826.79 386.56 753.13
1190143.27 0.88 633066.83 990.93 1531.26 523.49 2484.08 364.89 2540.62 549.91 860.87 391.42 804.75
868133.98 1.04 286161.13 679.78 1632.20 483.42 2436.67 394.63 2551.50 488.14 899.80 401.95 941.75
845879.50 1.09 284581.76 739.77 1637.93 483.87 2420.98 414.31 2420.60 488.79 913.54 431.50 966.36
961837.25 1.02 342909.22 773.28 1670.31 476.01 2469.11 390.65 2546.98 502.46 997.11 414.53 912.23
1161583.77 0.93 397740.61 841.85 1542.58 493.37 2611.69 403.46 2633.76 641.81 1206.02 466.66 823.61
1288412.78 0.89 492900.59 951.63 1613.04 480.36 2300.09 404.96 2636.53 605.30 861.33 432.68 757.97
1173015.63 0.98 358014.03 915.25 1585.85 479.03 2306.36 395.01 2608.69 578.11 805.71 544.64 934.98
802756.50 0.96 311373.87 694.33 1418.42 341.06 2493.48 340.39 2460.75 458.51 864.21 349.00 917.78
1006001.42 0.88 390702.58 718.83 1486.63 342.84 2711.73 343.06 2706.97 454.49 794.77 349.83 820.00
901679.55 0.94 392366.22 752.87 1508.09 335.69 2481.04 335.51 2457.76 480.92 768.06 353.79 816.79
979630.72 0.95 290867.15 791.37 1450.62 414.71 2373.32 413.17 2452.94 442.51 912.84 407.08 821.30
1052611.77 0.92 357889.80 851.74 1479.11 476.17 2310.34 383.46 2499.53 414.68 969.17 401.60 810.16
1140316.01 0.92 317815.65 838.05 1540.14 421.10 2430.70 397.95 2622.30 419.75 899.12 443.92 817.37
1067027.34 0.81 511828.39 800.12 1412.80 428.00 2443.68 316.91 2644.54 432.63 732.03 326.13 744.24
1247446.77 0.78 665853.23 928.04 1504.60 435.02 2507.84 302.06 2731.43 427.89 754.53 316.24 717.36
1229729.87 0.78 560348.29 880.23 1472.90 409.06 2463.44 308.86 2682.54 434.40 766.95 346.85 652.83
1092722.01 0.85 310054.81 840.33 1215.98 493.09 2043.18 372.32 2459.68 603.70 949.85 470.20 757.85
603068.00 1.35 71.08 848.06 1231.82 467.00 2077.25 316.80 2465.86 632.77 1001.63 598.55 2321.76
1074467.59 0.79 504157.81 933.08 1247.86 455.56 2166.82 311.24 2531.29 703.36 1001.44 350.27 844.55
555260.61 1.21 166925.07 673.82 1585.55 369.26 2162.76 345.01 2255.94 375.42 963.00 413.29 1210.87
429169.28 1.37 116703.54 682.32 1459.84 452.80 2105.11 335.64 2290.28 486.17 982.39 490.73 1793.87
443695.26 1.29 190541.47 744.26 1523.15 481.95 2126.30 335.32 2316.84 575.98 1101.84 437.70 1647.16
945244.43 0.96 399480.21 870.73 1319.27 566.01 2292.29 409.39 2442.32 495.66 890.39 442.69 994.74
929165.90 0.96 343665.74 845.66 1375.50 484.04 2225.89 385.12 2396.82 489.92 906.45 431.12 925.10
804481.43 1.06 266140.75 773.19 1398.70 525.48 2160.84 413.61 2316.93 508.99 897.24 458.17 995.69
448456.40 1.43 69757.54 587.18 1264.55 531.44 1968.67 392.23 2270.17 519.21 1223.46 444.20 1983.99
607921.36 1.19 117718.30 735.27 1199.54 479.65 1943.58 359.41 2303.37 539.40 1082.09 487.81 1556.67
633256.55 1.08 197694.10 757.24 1184.90 470.61 1994.11 375.75 2282.87 512.72 1019.04 429.33 1280.08
511057.64 0.93 233358.72 622.47 1031.23 394.51 1841.56 282.28 2010.76 330.65 852.26 271.57 869.43
427083.31 1.02 188541.57 503.03 1083.45 437.93 1827.21 267.16 2002.15 392.58 860.56 291.69 922.37
382155.09 1.06 162522.19 531.93 1032.12 410.97 1751.45 280.55 1953.31 381.80 871.24 295.87 1029.96
949752.96 1.10 241340.74 899.88 1656.09 453.99 2220.58 470.33 2426.05 560.52 1182.16 475.25 1042.54
993595.93 1.08 301912.02 879.91 1671.80 562.23 2348.45 488.36 2555.92 558.32 1183.23 458.37 1084.20
986888.11 1.11 260279.93 844.55 1695.08 550.48 2371.58 496.12 2523.66 540.83 1109.07 491.38 1048.49
998821.96 0.90 440552.68 843.33 1661.29 318.64 2316.71 288.84 2521.58 403.96 889.93 311.96 774.71
941655.97 0.87 377342.71 764.64 1472.57 362.46 2385.06 290.77 2531.42 387.93 975.65 326.83 783.16
919901.03 0.91 389885.45 849.72 1417.85 348.98 2301.06 274.39 2515.13 348.78 844.84 377.68 979.28
426858.96 1.35 40983.70 744.24 1201.28 486.93 1872.44 315.42 2117.83 621.34 1848.78 494.72 1858.55
397264.49 1.47 5357.91 753.23 1234.54 499.53 1943.10 308.37 2146.38 543.93 1556.62 542.34 2164.10
432913.27 1.41 23461.25 736.00 1214.90 435.92 2025.92 278.36 2185.17 548.88 1027.84 563.04 2077.13
410558.41 1.28 113522.40 481.75 1189.16 527.88 1817.33 424.11 2164.38 452.25 765.87 373.08 1406.58
501446.29 1.69 119101.33 586.19 1345.48 560.30 1793.60 431.64 2170.89 426.31 822.55 449.39 2441.74
489516.26 1.74 103997.75 554.63 1461.76 484.62 1889.02 462.75 2243.84 420.73 790.32 431.43 2518.78
651534.29 1.06 169419.73 716.20 1667.22 278.00 2041.21 252.57 2193.17 705.41 2112.72 290.31 868.59
522932.77 1.13 41425.30 662.79 1513.52 318.03 2127.93 287.97 2319.75 698.45 2256.26 321.71 1248.33
543855.72 1.11 59614.29 709.49 1484.78 311.28 2103.80 267.57 2290.70 721.25 2152.50 333.76 1232.04
565434.72 1.25 137090.35 743.84 1327.53 482.57 2191.38 313.35 2369.39 570.52 1184.73 508.72 1732.02
787393.77 0.97 316077.70 842.23 1346.47 458.12 2153.90 328.78 2409.76 439.05 1141.66 369.82 1102.22
792113.76 0.92 375516.25 801.79 1326.02 449.93 2233.98 292.01 2412.19 477.20 1091.96 338.39 1009.87
951862.06 0.91 359807.86 719.79 1576.89 442.27 2332.22 346.04 2438.76 311.18 626.70 328.40 638.35
822991.57 0.80 301486.79 539.97 1339.77 430.31 2363.47 337.42 2514.17 338.63 716.72 248.77 519.51
956896.11 0.83 325403.78 706.09 1371.90 381.54 2303.94 334.36 2531.82 367.89 875.53 309.37 664.56
1038070.09 0.88 433946.05 820.80 1412.61 596.22 2052.89 395.41 2461.44 567.09 911.23 360.89 724.61
1015380.46 0.87 452065.04 803.10 1405.27 567.02 2091.53 358.37 2482.17 554.54 856.75 359.17 734.46
970707.93 0.88 443402.91 793.47 1397.26 565.71 2103.94 333.63 2411.26 524.87 826.81 374.22 725.29
703837.68 1.14 383371.08 892.03 1637.52 495.59 2112.80 340.97 1982.98 561.69 980.41 422.15 864.06
872578.90 1.11 384503.75 928.70 1635.39 533.44 2290.60 442.17 2064.04 581.46 1005.77 453.81 794.65
536350.50 1.36 433344.39 923.91 1701.89 582.80 2647.74 449.14 1661.80 538.95 949.62 456.94 907.00
357738.16 1.37 75638.94 551.69 1349.16 524.14 1683.83 401.67 1882.69 525.74 1151.82 427.65 1146.75
333295.06 1.42 69153.29 568.39 1383.53 545.58 1651.60 432.44 1835.21 535.59 1204.53 426.07 1166.30
356478.63 1.35 71356.06 585.24 1305.70 480.53 1708.19 403.10 1859.47 521.43 1150.26 430.98 1153.73
905321.21 0.96 244193.05 689.47 1482.99 394.82 2393.46 352.13 2534.68 446.02 1024.50 403.70 848.43
745920.95 1.10 181123.17 635.77 1512.11 414.38 2389.93 386.35 2430.54 499.47 890.53 446.47 1025.00
851619.17 0.98 277672.72 690.62 1511.12 392.45 2417.56 368.66 2425.42 397.93 868.21 359.51 809.60
701141.07 1.80 46194.29 753.96 1532.67 523.29 1859.23 1095.84 2331.80 797.01 2339.19 708.84 2215.10
311007.34 1.63 28041.91 750.13 1408.22 523.41 1782.89 345.06 1940.94 608.99 946.97 547.97 2074.51
446981.22 1.55 2959.89 747.63 1129.74 467.14 1863.66 344.08 1914.07 558.66 1198.64 559.74 2083.60
439499.64 1.56 42084.95 697.61 1207.36 457.86 1901.55 288.63 2048.75 534.20 1272.56 604.96 2177.66
364410.63 1.45 6577.67 671.55 1227.89 460.70 1816.80 297.25 2047.88 534.53 1247.08 518.76 1888.40
417388.88 1.33 26464.47 679.05 1214.66 409.37 1892.88 296.82 2046.32 533.95 1390.66 507.65 1612.75
399515.79 1.25 240732.99 697.42 1281.52 514.15 2316.92 391.91 2023.37 508.43 980.26 402.56 1337.14
664609.78 1.09 311718.33 772.45 1416.82 509.36 2277.01 393.13 2596.17 519.63 1047.26 375.09 1480.47
731187.85 1.01 324527.71 768.89 1340.11 509.49 2250.54 373.38 2643.40 555.06 1078.07 364.12 1376.19
501731.30 1.20 101599.51 568.82 1375.62 454.58 1888.32 397.60 2072.06 449.91 1179.88 371.44 1014.88
568583.34 1.17 98147.39 560.67 1397.79 462.47 1881.56 386.73 2121.77 495.54 1176.03 418.89 946.05
593693.52 1.18 96120.52 595.05 1435.52 464.47 1882.52 402.30 2122.44 470.12 1137.54 429.65 950.74
483022.08 1.61 88795.52 692.41 1260.45 481.24 1831.43 258.37 2077.41 537.10 1679.94 500.59 2441.33
399843.54 1.67 106313.16 654.81 1364.01 479.26 1899.37 249.73 2028.28 575.59 1990.63 531.85 2338.39
461768.13 1.66 26052.17 674.90 1290.33 498.53 1884.36 295.15 2005.92 478.20 1072.10 515.91 2359.67
556005.32 1.15 173105.01 675.27 1410.51 318.05 1955.95 392.92 1988.16 481.55 920.45 342.71 919.99
568558.31 1.17 193058.65 654.24 1350.96 600.68 1784.94 407.49 1953.76 544.46 919.78 414.64 886.82
645821.24 1.04 207681.80 633.23 1249.41 522.13 1854.22 384.43 2086.59 539.28 919.35 383.97 817.00
375638.59 1.10 200782.22 646.01 1001.70 523.84 1937.88 308.12 1745.47 538.38 1199.96 333.31 977.71
337488.31 1.21 116570.36 597.80 995.48 503.18 1543.90 324.19 1630.05 467.18 880.80 413.64 959.53
492362.87 1.01 272919.75 653.62 1006.15 484.81 2042.82 318.80 1725.55 482.70 819.77 349.13 735.34
1122075.20 0.93 425400.36 868.76 1533.31 546.53 2347.30 409.64 2564.72 573.54 965.56 434.73 829.53
1221039.43 0.91 423842.02 864.50 1466.20 637.25 2369.68 426.41 2617.62 590.11 1038.86 483.98 777.21
1262108.12 0.94 426763.36 880.70 1534.56 675.39 2361.59 461.81 2608.82 614.16 922.53 517.95 773.52
382726.99 1.50 27834.27 733.87 1367.53 427.08 1972.40 403.24 2079.52 544.72 1157.88 575.89 1872.87
308951.28 1.39 201579.99 816.44 1511.09 486.03 2038.49 351.35 2047.71 517.14 1023.62 464.90 1660.92
318914.80 1.54 99151.44 753.47 1402.53 490.28 2041.68 365.53 2050.97 507.57 961.68 568.61 1968.25
761035.43 0.92 296220.90 702.26 1315.51 388.35 2256.99 308.57 2421.01 372.17 990.69 321.73 929.64
810937.70 0.91 342280.21 751.27 1369.89 385.05 2217.20 300.63 2425.94 388.21 948.92 312.56 896.06
675764.74 0.93 293679.15 613.87 1377.64 410.99 2179.95 258.98 2431.36 352.71 978.80 288.01 918.01
499756.59 1.58 15325.81 828.07 1396.71 476.79 1998.13 458.20 2168.46 533.69 1648.64 537.32 2348.22
488823.59 1.91 163238.35 828.51 1960.88 561.89 2066.00 1009.33 2367.89 531.37 1643.40 587.95 2546.11
546482.02 1.76 68433.22 780.31 1650.04 544.17 1953.21 669.80 2284.27 620.78 2570.93 563.33 2498.65
903855.69 0.99 299156.19 735.64 1511.00 497.79 2226.05 406.46 2399.50 461.80 866.59 386.64 801.29
925453.09 0.99 308316.98 735.88 1544.35 501.22 2265.79 407.10 2437.14 412.46 771.33 384.74 800.30
788886.21 1.00 283342.65 673.48 1430.60 479.75 2288.25 371.13 2297.15 396.50 738.36 378.98 793.27
851315.82 0.84 489215.70 673.44 1376.74 514.38 2416.44 321.26 2612.98 581.62 1025.19 255.38 819.40
760123.31 0.94 455913.25 728.02 1389.30 458.14 2486.88 302.91 2551.53 553.45 896.22 314.81 1090.31
451701.65 1.17 403887.79 723.68 1413.77 485.41 2409.67 302.28 2089.77 575.60 789.62 339.18 1233.54
726077.08 1.06 248990.01 724.70 1337.38 535.31 1985.85 378.29 2137.54 537.22 900.86 441.59 866.91
649486.29 1.06 217449.62 674.19 1256.64 535.29 1899.39 358.67 2098.16 516.00 889.45 431.86 900.15
736685.00 0.99 216554.05 639.09 1236.52 505.21 1967.51 356.25 2136.86 542.87 924.59 431.71 724.85
1048731.26 0.90 383838.87 855.29 1486.12 429.65 2229.10 307.98 2508.95 501.39 984.31 419.48 803.92
918978.18 0.94 331327.17 745.79 1452.83 472.36 2247.70 326.63 2496.66 502.05 954.00 413.75 867.61
989533.20 0.89 322706.73 772.89 1398.74 493.92 2011.35 348.86 2440.32 508.11 930.29 396.61 720.38
772307.49 1.00 281275.04 724.51 1367.39 444.15 2152.97 315.69 2340.25 496.19 848.60 428.97 961.27
803356.46 0.99 269728.57 729.61 1351.85 443.15 2184.50 390.78 2369.81 462.25 812.61 395.98 940.47
897567.11 0.88 321415.66 709.41 1353.17 431.05 2161.10 389.37 2375.42 419.59 756.62 309.06 666.96
867693.59 1.02 337819.60 846.48 1467.63 515.36 2219.41 366.54 2455.54 493.89 998.05 439.52 1084.34
717992.02 1.12 199015.08 772.34 1375.89 465.12 2189.66 383.20 2337.06 497.50 955.86 513.94 1203.11
814613.79 1.06 289514.40 828.18 1465.58 475.80 2177.62 375.16 2375.33 551.11 987.02 460.64 1086.02
432799.77 1.19 281678.62 806.72 1298.05 551.79 2007.38 340.21 2086.81 541.85 1035.77 368.89 1430.25
535409.62 1.04 243953.76 826.94 1137.39 543.80 1872.31 339.15 2017.80 514.66 1191.41 371.53 1123.95
539232.88 1.23 207908.64 697.20 1545.82 596.60 1942.35 353.26 1998.01 610.82 1342.25 416.62 998.63
1323023.49 0.82 604050.53 1004.17 1495.14 609.72 2272.80 322.31 2798.02 638.90 1120.53 408.36 887.75
1468615.64 0.85 490206.17 1009.34 1540.59 620.04 2282.39 353.09 2780.62 644.71 1200.27 530.70 786.39
1417838.79 0.81 575388.30 1016.50 1569.57 631.38 2207.88 389.96 2737.76 652.10 1237.76 367.47 702.90
461859.61 1.24 165484.01 662.93 1414.83 492.04 1837.35 323.81 1940.51 470.37 989.36 426.02 1058.83
361245.05 1.33 91878.52 607.93 1371.85 485.45 1646.96 334.90 1868.32 484.23 1107.95 428.40 1151.25
408546.40 1.26 122595.65 567.90 1337.44 507.10 1616.04 368.46 1781.74 510.36 1072.42 349.92 900.32
260538.40 1.54 26221.19 704.22 1438.64 451.11 1969.51 312.64 2095.85 514.13 1937.85 474.07 2085.52
240139.90 1.57 54665.35 645.59 1454.57 455.64 1950.66 298.01 2088.69 535.88 2158.87 452.25 2075.68
290795.54 1.60 58483.59 634.20 1450.13 468.31 1975.43 316.27 2123.93 542.80 2162.33 465.43 2181.66
608071.83 1.04 223892.62 617.65 1383.82 425.01 1964.13 316.98 2262.36 475.33 1002.67 319.20 963.24
640477.26 1.09 272958.87 739.26 1496.86 510.57 2021.57 340.71 2081.41 435.28 1049.63 338.52 894.12
668370.53 1.03 269477.78 726.97 1421.73 407.24 2137.52 326.60 2164.86 430.04 1045.69 337.06 903.46
458777.33 1.18 198812.27 695.97 1244.39 398.41 1995.37 293.52 2068.05 521.00 736.40 434.52 1278.13
392542.78 1.34 162159.04 660.67 1200.03 475.89 2054.37 316.37 2079.62 509.39 749.24 439.04 1729.26
340766.46 1.38 172490.75 661.41 1302.13 471.36 2049.41 284.80 2097.52 518.31 676.27 429.22 1795.85
874950.30 0.91 483311.98 817.29 1477.61 503.50 2247.61 334.68 2303.43 442.93 882.65 272.33 739.68
923172.19 0.88 414129.56 768.94 1396.98 495.28 2265.50 335.57 2452.14 423.41 872.11 334.52 779.49
833899.56 0.92 452742.93 743.48 1397.30 549.73 2286.09 361.52 2458.79 426.81 824.53 291.86 882.57
