465186.01 1.13 162177.11 652.08 1142.69 472.83 1660.92 319.44 2083.08 459.08 870.93 375.27 1250.11
374181.04 1.35 24572.64 604.33 1175.52 424.93 1728.90 311.47 2042.77 497.80 1313.94 422.04 1659.57
431473.60 1.22 75218.96 537.02 1046.90 430.40 1716.41 316.44 2059.80 468.75 922.48 392.15 1401.44
532695.13 1.14 104449.16 634.45 1125.01 525.60 1581.40 368.63 1994.73 504.97 942.48 474.30 1024.23
657947.73 0.93 158410.39 699.84 1016.76 438.36 1664.29 326.06 2022.41 522.47 1050.45 394.73 807.04
670864.49 0.88 209241.60 626.11 1071.15 428.94 1703.82 312.82 2037.58 461.16 846.01 335.95 632.39
526520.94 1.16 142151.18 721.69 1206.26 452.88 1862.15 361.61 2049.01 530.84 975.38 472.63 1163.31
478666.60 1.59 913.27 652.19 1151.11 490.49 1734.19 353.87 2021.79 524.31 1018.12 503.63 2231.25
541400.93 1.12 115220.39 615.79 1151.84 494.79 1677.01 372.70 1954.46 563.09 1078.95 439.37 913.18
510719.52 1.62 129065.76 561.77 1032.87 460.70 1633.21 285.09 1994.02 566.89 1557.46 452.09 2363.49
348280.91 1.34 110381.67 625.96 1106.71 509.99 1728.97 281.72 1993.55 478.27 974.30 399.42 1724.87
526808.62 1.04 151630.62 617.50 1124.47 431.71 1547.05 354.21 2051.21 471.60 808.30 340.60 953.94
788514.51 1.44 22780.28 751.92 1107.30 457.40 2017.61 772.46 2298.26 536.00 1675.62 557.44 1964.96
508162.94 1.45 73185.57 778.67 1197.77 447.45 2042.94 429.01 2204.94 647.72 1750.81 559.98 2147.04
970522.19 1.41 158338.64 807.29 1033.27 498.79 1985.78 1120.00 2420.99 525.02 1383.10 368.88 2020.90
820453.65 1.04 286062.54 813.39 1458.79 538.15 2030.25 394.62 2247.73 570.55 1113.19 414.89 902.61
476663.48 1.39 60054.15 623.15 1262.06 512.79 1924.74 409.37 2206.21 526.95 1047.58 500.68 1766.02
499795.04 1.27 117900.50 695.54 1362.40 520.84 1973.99 413.27 2172.99 527.30 1071.97 511.53 1343.32
505570.75 1.56 54488.27 662.51 1088.11 487.33 1810.15 301.62 2020.84 541.73 1306.20 567.88 2228.41
355834.91 1.48 24299.97 670.37 1144.05 472.49 1772.70 282.52 2019.64 569.73 1173.46 506.62 2041.37
540367.08 1.58 65924.96 683.05 1093.17 464.68 1843.21 290.25 2014.37 551.53 1043.47 593.47 2288.33
528968.49 1.11 40992.47 720.93 1270.75 413.09 1986.52 256.25 2281.70 514.84 1978.75 393.93 1419.53
783774.89 0.88 229230.35 733.23 1149.36 388.03 1946.91 297.19 2267.13 466.04 1063.09 366.81 821.39
829647.60 0.83 225197.34 688.03 1077.31 412.22 2067.65 324.87 2229.18 439.75 1110.21 367.91 639.97
737101.31 0.96 291342.96 659.90 1230.20 526.29 2039.19 363.27 2233.87 475.51 713.66 377.49 807.00
716692.47 0.99 250314.70 664.47 1267.03 528.44 1874.48 376.76 2130.92 483.03 826.66 366.96 746.17
746720.87 0.99 257500.51 675.03 1316.34 524.03 1947.64 379.79 2140.44 481.63 858.94 369.17 716.32
748761.57 0.83 301430.11 645.43 1085.26 457.16 1895.91 302.88 2214.64 465.81 742.94 326.66 663.82
759616.68 0.81 288792.46 623.05 992.07 458.39 1956.79 325.16 2262.23 488.21 698.07 336.80 675.61
710149.14 0.86 246290.08 609.36 1030.22 435.46 1935.95 319.78 2180.53 484.39 735.68 350.31 689.71
759528.93 1.01 334717.30 763.31 1512.84 384.43 2237.03 306.41 2422.65 419.29 853.60 361.21 1049.20
596755.21 1.13 226509.33 755.49 1460.99 403.38 2040.64 323.15 2318.89 443.39 930.04 407.93 1279.84
771991.56 0.96 248176.38 701.33 1408.99 388.99 2076.04 314.18 2349.72 403.22 956.15 354.29 866.48
409578.45 1.28 8876.97 883.28 1284.07 449.96 1868.63 289.09 2141.32 642.29 1568.06 462.95 1847.71
344289.89 1.38 92847.84 836.71 1386.13 427.04 1923.67 305.78 2163.57 538.86 1222.54 456.43 1982.75
289876.12 1.43 109341.50 700.46 1294.44 376.58 1964.31 255.44 2132.55 431.34 990.46 410.67 2084.28
781730.90 0.82 272891.18 627.03 1072.71 406.51 2079.39 276.96 2416.70 413.43 823.33 344.13 787.06
814080.52 0.89 218729.51 767.14 1176.45 417.41 2073.64 320.23 2353.14 440.60 1292.47 374.47 914.50
739278.49 0.94 121608.44 719.86 1202.51 410.10 2124.15 347.03 2327.70 540.19 1761.48 364.32 960.07
436278.37 1.59 69835.95 743.32 1348.15 437.73 1897.19 305.85 2123.48 531.70 854.68 702.57 2209.93
374694.17 1.40 91506.10 757.50 1314.96 421.86 1843.15 291.11 2100.89 460.77 847.43 522.99 1866.00
607378.54 1.01 215826.11 667.02 1272.37 421.10 1819.88 298.93 2087.61 452.66 945.16 344.46 868.46
358676.47 1.32 282757.20 971.49 1404.99 483.75 2071.88 295.21 2313.69 518.80 980.17 418.06 2211.35
740770.58 0.98 337670.77 875.60 1212.67 500.25 2006.87 282.65 2283.89 536.02 929.49 439.54 1149.88
664830.87 1.04 405244.00 949.34 1398.01 482.02 2086.08 278.27 2292.70 506.50 919.07 406.82 1303.26
592177.29 1.10 259264.88 666.82 1421.56 490.54 2098.98 358.46 2292.87 539.40 1024.55 343.85 1125.30
819111.28 0.89 303511.38 675.17 1264.36 472.33 2148.95 357.80 2296.64 485.61 915.50 340.19 693.11
775974.03 0.92 342489.28 703.74 1260.19 480.48 2166.50 352.73 2302.35 487.53 846.14 333.32 814.20
801611.63 1.00 314465.74 804.08 1312.02 666.86 1685.91 416.17 2023.77 638.93 926.28 398.49 699.61
772560.64 0.93 359961.32 825.20 1247.46 673.15 1655.73 368.85 1973.58 623.90 983.13 327.67 654.52
733346.66 1.01 286221.78 780.38 1295.26 622.43 1676.72 372.23 1985.63 637.73 980.33 405.79 733.24
500853.29 1.13 195290.31 691.80 1155.28 447.33 1882.90 319.06 1849.71 604.48 900.41 449.45 948.33
561163.27 1.06 206692.69 718.62 1174.19 400.04 1834.46 283.23 1953.54 563.10 870.79 431.36 948.52
714878.01 0.97 261832.89 681.95 1282.07 414.77 1870.04 292.44 2057.36 585.94 895.01 402.82 677.84
567860.25 1.06 229755.47 673.04 1129.67 470.10 2023.83 339.43 2086.94 513.13 744.88 419.64 1041.03
597984.84 0.96 268489.11 664.81 1089.69 454.31 1950.37 320.07 2097.54 483.48 780.67 343.86 907.56
736910.08 0.92 233075.90 672.42 1065.37 463.20 1905.11 348.62 2072.98 509.36 706.33 419.11 699.09
662877.99 1.12 19858.05 947.07 1415.24 546.23 2278.56 364.83 2446.97 632.95 2454.08 434.19 1585.83
539968.88 1.28 51528.23 966.73 1405.43 525.13 2222.88 394.89 2422.13 621.36 1954.98 466.16 2064.50
796199.43 1.02 84011.61 989.58 1356.23 563.98 2157.36 397.54 2430.20 617.74 2176.02 435.16 1311.34
782439.34 0.99 301795.11 764.10 1328.31 478.66 2050.92 336.88 2295.73 479.00 798.68 418.92 946.48
776727.66 0.99 350021.10 767.64 1396.96 484.48 2028.55 348.09 2271.64 528.53 782.41 369.85 896.37
415631.40 1.34 251543.60 755.20 1414.08 482.94 2103.20 355.17 2285.21 447.84 794.16 414.45 1883.19
662458.94 0.84 176885.84 650.41 969.07 400.45 1833.56 246.98 2140.55 521.94 1327.59 344.24 791.10
314226.01 1.46 79032.77 658.10 1271.06 383.44 1858.31 234.64 2185.10 497.54 1813.79 370.51 2269.47
439774.75 1.43 171990.50 627.93 1040.74 343.03 1857.00 223.09 2192.27 503.13 2071.31 407.18 2372.95
680912.17 1.05 251187.90 753.29 1300.59 553.30 1924.98 354.43 2253.84 594.53 1047.08 427.77 1087.55
398278.85 1.32 131901.68 708.69 1268.27 544.34 1814.77 354.53 2091.55 597.76 1046.95 423.03 1649.94
702769.50 1.04 224128.89 723.67 1287.72 553.07 1796.36 374.02 2225.14 589.77 1022.97 420.19 984.11
388090.11 1.43 162001.61 828.12 1257.35 416.50 1909.90 276.69 2136.83 626.23 2226.79 593.94 2117.82
366726.82 1.36 60337.80 733.29 1309.22 409.68 1930.38 308.17 2105.65 481.11 1425.68 443.32 1788.21
638463.35 0.98 276124.41 780.74 1191.58 422.62 1829.01 314.43 2066.11 501.36 853.27 352.49 930.54
616226.15 1.14 133441.64 697.57 1075.15 442.62 1929.27 387.59 2244.92 471.79 876.38 455.09 1449.03
598207.66 1.08 131137.73 673.07 1032.47 434.56 1816.89 367.67 2114.19 526.48 703.59 462.35 1136.55
753835.78 0.88 263409.05 725.44 1073.55 427.92 1921.26 357.02 2141.18 493.62 829.07 354.03 745.41
