1024667.15 0.87 333679.09 823.23 1331.22 452.65 2188.38 370.32 2549.60 461.12 975.40 386.87 849.49
1004468.99 0.87 348403.48 806.92 1333.44 459.10 2165.50 373.13 2530.71 466.79 903.15 373.73 828.90
1011850.54 0.82 368117.05 763.33 1292.43 451.84 2250.25 345.82 2552.55 447.44 907.71 354.48 737.84
847867.70 0.98 318987.44 675.44 1514.75 533.47 2105.14 341.68 2427.33 501.55 899.98 377.54 792.31
800549.04 1.01 257248.41 626.49 1505.54 528.57 2081.18 358.95 2405.42 481.30 923.18 381.94 801.65
834392.96 0.99 266586.80 609.02 1511.09 543.01 2110.40 378.55 2474.35 505.36 925.66 372.82 778.96
1183805.40 0.89 412326.20 974.79 1499.30 429.57 2286.77 401.40 2524.35 556.92 1048.81 415.35 814.33
1112838.02 0.88 296015.97 811.95 1445.00 413.43 2243.93 403.27 2525.72 494.55 997.14 401.42 692.57
1072064.08 0.89 250492.74 739.54 1387.90 417.33 2253.37 385.39 2650.15 579.82 1002.39 443.02 808.81
1355949.27 0.92 296176.04 915.67 1473.20 593.00 2163.76 527.05 2687.22 570.39 928.96 525.06 805.83
1462718.85 0.88 428280.30 983.73 1439.35 624.37 2450.61 524.77 2738.35 547.98 919.68 519.50 794.50
1278544.11 0.94 315162.37 898.24 1468.63 581.53 2321.06 520.26 2628.32 543.84 942.31 506.79 814.64
1025566.29 0.99 201075.31 792.95 1387.03 502.00 2112.34 461.03 2396.46 526.74 938.55 507.35 798.05
963002.35 1.02 139140.16 760.43 1302.82 527.92 1989.88 493.92 2331.18 523.40 929.89 531.90 826.85
1013632.75 0.96 164617.54 744.26 1320.16 511.61 1988.00 504.45 2396.16 517.69 988.61 451.86 727.35
1026780.13 0.90 387875.21 848.95 1449.47 423.16 2250.26 373.84 2453.32 452.70 811.28 380.11 779.05
1080607.55 0.90 400662.21 881.49 1505.05 422.51 2216.73 373.44 2519.17 435.04 772.42 387.82 808.61
1056733.20 0.91 383113.12 840.11 1506.99 430.40 2296.76 375.97 2544.57 418.96 783.50 388.62 817.43
407438.19 1.60 36085.48 361.17 1389.20 516.13 2375.73 264.89 2503.53 306.78 1015.52 462.45 2458.11
473228.76 1.59 26330.24 268.15 1425.64 562.03 2375.87 376.70 2627.75 419.33 1047.97 434.52 2363.16
591158.21 1.52 62598.37 357.62 1356.50 474.50 2245.76 401.79 2739.89 451.73 890.16 461.11 2481.39
1226060.59 0.80 547873.05 927.26 1440.33 433.67 2474.79 321.80 2716.01 430.71 921.81 354.39 786.12
1114772.97 0.77 464891.43 782.91 1436.56 464.19 2219.50 271.59 2722.50 445.74 980.11 320.64 667.99
1023116.76 0.90 284903.13 730.54 1474.55 423.51 2260.84 255.71 2484.13 445.23 953.10 500.60 660.05
882678.92 0.91 344445.00 734.55 1193.14 589.27 2155.17 404.48 2330.04 609.38 913.29 414.18 789.85
1000491.89 0.89 310150.00 801.95 1218.85 509.87 2122.73 416.58 2426.64 488.44 823.54 431.07 798.88
1016484.87 0.88 338989.95 836.21 1196.92 523.11 2099.38 395.51 2402.15 551.62 877.07 445.57 800.63
804385.53 1.12 216993.56 871.34 1192.82 465.55 2319.56 486.06 2488.23 659.68 908.70 493.27 1605.42
789332.98 1.10 265639.27 896.81 1308.55 472.97 2295.09 468.21 2486.99 584.75 954.57 490.20 1438.84
697322.86 1.34 194172.20 906.11 1246.05 574.43 2326.05 480.13 2477.47 665.89 920.37 571.02 2242.14
923086.16 1.09 395601.09 939.97 1604.49 639.67 2119.51 476.91 2169.95 616.33 930.17 441.70 852.92
959305.92 1.03 379602.28 872.11 1598.90 591.96 2125.57 417.88 2268.06 553.43 902.26 434.48 789.36
1002338.02 1.05 220598.33 885.58 1573.49 494.12 1957.13 497.69 2335.79 484.39 928.00 459.23 865.36
1040964.62 0.98 502659.04 987.27 1619.39 601.73 2155.09 395.36 2414.44 569.38 925.52 401.79 912.36
1417805.39 0.86 557071.91 971.39 1682.20 597.82 2326.90 405.95 2695.81 520.33 841.57 426.45 652.13
1287532.62 0.89 506425.17 938.51 1649.30 598.55 2276.86 401.64 2593.49 489.11 837.49 418.87 684.15
1210015.29 0.87 468934.30 829.13 1556.86 489.44 2468.89 385.80 2808.20 518.98 787.10 402.50 833.49
1120069.58 0.90 491401.13 870.44 1522.29 518.20 2361.51 376.03 2620.99 525.11 838.59 391.96 837.83
1255460.94 0.85 516478.76 900.40 1508.81 503.36 2367.97 376.53 2671.92 535.71 787.02 411.33 737.24
1139034.52 0.89 553561.47 919.14 1564.27 424.11 2495.78 343.54 2675.48 451.00 728.03 379.97 903.38
975225.65 0.93 419228.19 819.01 1471.22 437.29 2449.17 361.40 2605.16 459.87 841.32 379.92 970.60
1079156.87 0.97 427023.01 876.78 1654.72 416.27 2529.65 365.93 2691.24 473.61 828.90 438.86 1015.29
1009549.33 0.90 464621.25 882.53 1425.65 498.83 2270.20 348.74 2427.35 495.69 847.43 392.49 823.09
1056599.17 0.91 401987.78 842.23 1427.61 443.15 2268.84 356.64 2519.45 690.85 955.78 438.16 831.04
756811.70 1.09 489045.22 970.30 1623.55 421.76 2231.00 329.75 1957.43 626.74 974.80 427.87 818.35
1071948.31 0.82 502789.08 808.83 1424.26 450.63 2458.59 326.65 2715.00 437.98 878.18 317.99 817.06
952456.74 0.92 480360.31 811.75 1521.18 459.86 2493.86 323.83 2620.02 466.53 897.55 350.81 968.64
1125616.46 0.84 499529.51 841.17 1511.61 462.63 2467.01 320.31 2716.80 429.36 913.90 352.33 811.77
1249568.84 0.97 315107.31 985.96 1497.18 630.02 2135.53 490.59 2502.15 528.83 992.21 557.37 855.06
977016.48 1.14 145574.59 762.95 1564.43 690.05 2038.95 563.40 2298.59 523.52 978.64 551.03 818.50
1012257.64 1.08 182969.97 799.81 1479.10 625.39 2046.94 538.10 2381.47 568.02 998.10 542.09 870.97
983700.58 0.93 403992.20 850.20 1462.62 511.98 2165.50 372.41 2397.84 512.74 915.54 381.43 795.56
954446.04 0.96 376133.06 824.55 1514.47 498.04 2237.14 371.92 2405.61 496.48 944.89 393.01 825.89
940852.58 0.94 359639.22 791.67 1438.17 497.72 2235.14 374.90 2386.31 496.08 904.55 395.33 789.89
1181843.07 0.91 318653.32 901.67 1440.07 466.34 2241.23 436.34 2577.09 528.07 1001.60 455.32 826.65
1136414.26 0.90 166025.71 734.07 1319.84 516.48 2053.06 474.33 2549.50 509.49 1024.04 480.71 675.14
1215019.22 0.92 223527.03 865.61 1417.31 504.58 2061.20 478.77 2539.88 518.90 984.05 495.19 746.03
589613.26 1.21 395212.79 1141.64 1497.96 663.81 2180.01 488.79 1767.55 825.51 1282.16 480.81 1042.97
843847.95 1.05 396907.83 1064.47 1353.69 664.88 2187.40 439.39 2261.91 814.88 1205.82 521.17 1189.06
605739.97 1.16 450783.49 1094.64 1449.74 665.05 2247.11 413.59 1942.56 740.30 1139.63 499.36 1167.34
1066037.41 0.95 358776.12 876.62 1407.09 485.19 2332.10 415.41 2441.67 578.09 888.96 486.94 848.76
1216616.51 0.98 317219.51 926.92 1540.43 556.11 2252.39 473.00 2554.09 566.12 971.66 532.77 859.24
1229347.77 0.99 394994.63 964.82 1593.86 614.88 2293.91 487.79 2512.37 589.07 960.69 513.25 835.86
1098927.95 0.84 471565.62 830.34 1338.54 616.35 2116.20 397.19 2517.70 585.80 921.59 367.96 699.15
1119825.25 0.89 478819.53 857.40 1415.41 640.46 2236.09 424.13 2527.98 624.78 948.26 406.14 764.72
1139004.46 0.89 408604.19 884.37 1372.40 562.61 2261.22 449.77 2531.37 576.06 961.91 418.52 796.74
941936.86 0.96 282497.39 720.07 1566.91 356.55 2305.46 377.95 2564.68 477.06 885.08 361.41 833.95
902584.01 0.99 306422.54 700.30 1604.79 433.70 2283.49 357.85 2458.52 486.30 876.96 383.40 773.16
949484.58 0.91 323319.99 745.05 1427.02 399.13 2271.82 354.19 2507.70 455.42 841.74 369.13 794.86
847391.51 0.97 473615.93 937.20 1695.97 399.10 2166.02 253.64 2307.16 335.26 947.52 282.80 898.94
749356.42 1.09 364616.71 849.80 1553.38 508.43 2177.78 301.20 2351.30 627.30 960.18 467.23 1164.30
974388.46 0.96 458946.67 866.12 1581.46 615.60 2144.68 303.69 2353.44 545.08 937.82 441.76 778.66
993350.43 0.88 358946.83 787.80 1333.19 462.49 2254.98 369.24 2500.51 420.13 814.03 381.93 796.27
