File type = "ooTextFile"
Object class = "Formant 2"

0
2.35975
114
0.02
0.04987499999999989
5
0.0009600984955896673
5
342.58894571524576
142.68775025867347
771.9614686796959
268.8192403739063
2852.049183297738
612.2093502959981
3736.796249075072
252.0462600543072
4234.75895204058
343.0454067493348
0.0009600984955896673
5
367.1674479595494
254.7799685945345
728.092253942954
241.000356967441
2723.8715227332464
338.3639243027726
3704.2685455583987
198.70663249503932
4184.898120517835
215.40431496281346
0.0009600984955896673
5
367.14681155918834
650.1727613285906
538.5829084570016
333.42400503716004
2861.9541571328
594.8729061549442
3767.6185000910555
217.76847643816774
4274.225733062431
580.0406020332636
0.0009600984955896673
5
318.2324428608475
298.3933531280179
854.5121930225829
366.7907526934887
2711.1621566609765
444.37935425938895
3707.0282159822136
169.79556066770837
4132.369294120608
308.7898648068441
0.0008342192599936988
5
319.7820102547894
237.57221756606685
911.2325576347556
383.46388881163705
2755.3680981437906
676.3119593663107
3767.656131046597
161.17031670891706
4384.656741663534
975.090762346903
0.0006848653972033882
5
345.41484110721564
287.9960170263396
828.7041677944001
680.2818751955513
2726.4577894805116
822.843309033702
3761.4527024953504
154.8247728535423
4506.29638282794
1225.9861114148982
0.0006848653972033882
5
355.10809478274535
289.0519760540892
882.0113219344858
899.8624896851533
2869.6032497495826
1791.2736640551013
3827.0461500207557
238.9840684834574
4366.954854884813
2743.296123335335
0.0007606107955997324
3
485.23825930791713
285.9152030512541
2763.4936142395854
1404.6283612191892
3837.108441515362
138.9100564659523
0.0007680459041220355
5
356.44295183077645
312.6757294244644
678.4807120884944
680.1082641854617
2603.373157340707
776.7930859981551
3753.02684944652
132.42636856240327
4662.215334005175
1369.242075987859
0.0008083173549585577
5
318.7042018091614
514.3737171267537
564.315142993055
405.8813431446563
2608.370330647744
638.9961193716953
3771.6466719428267
92.46438071156956
4766.633595716737
1293.0083654371938
0.0009022850684224316
5
298.91668212012956
460.62343328514277
584.1083932023666
406.4684637441526
2641.6570623970215
418.99227283363854
3777.542696339587
94.77119515114103
4551.526140117264
1110.5411572407043
0.0009022850684224316
5
309.80805797844766
975.539754516494
473.35977478650943
440.90301722675844
2722.869553914436
979.2646343958263
3756.0035590472094
141.64766040425116
4628.731499614574
1762.8384283847138
0.0013047326498844968
5
312.58766564011967
246.61937413517995
735.7308811757655
752.0770852858447
2740.891747728028
721.1393765027568
3751.9672039791953
133.26393207824935
4625.842474895234
1563.474911441993
0.0013047326498844968
5
315.2530549707316
166.5933334274334
892.3354083235652
344.81101363700105
2859.284688983863
842.6584078126231
3806.4155066771605
191.39649414249783
4121.961406279942
1170.8971894096737
0.0013047326498844968
5
338.0547523631643
168.04941228767635
744.3572978881118
396.2966565346807
2761.1496737257603
567.7540527912591
3728.0892211115556
188.18803419365327
4196.869096346854
569.009473891612
0.0013047326498844968
5
333.98864363115604
186.85186995306307
780.7699846944183
496.8374217133254
2754.1107721465496
667.9069697757267
3740.2331906950676
203.92630357114098
4297.3350691635305
1026.9231670827598
0.001146878204198635
5
331.84650697014274
218.8656136496778
747.4889096888307
457.9340826405528
2725.3135892023274
475.61272604235387
3707.3681648345646
159.13357955926975
4238.626613061519
707.4284791755962
0.0014907605997704488
5
297.93993621233847
233.66276940693268
760.0234798444569
401.0747157122146
2738.866207031556
525.5745955059733
3625.4241636093225
65.6306151552649
4365.755726861593
714.8157097459081
0.0014907605997704488
5
326.2102634831312
236.88618223575827
749.5876071149372
609.0393755731118
2800.2571869007934
886.8683104382045
3712.6757133817696
143.35105062421022
4234.897657336614
1124.8466964320517
0.0014907605997704488
5
345.9958398311754
318.63106482827527
610.9259796204524
594.3653018997353
2850.224230096545
914.8000962657818
3717.7134606783375
144.18137018014238
4238.351453208844
835.4266418086039
0.0014907605997704488
5
428.9896426232386
723.5581375698938
475.85605124900013
374.9020606974184
2722.3174714946895
728.5829615139131
3737.6452786296095
146.0374590342179
4395.702393297648
1069.5877995686228
0.0011310833527854722
5
325.69479260049087
291.3495269662699
666.6057371910733
361.22297535064
2739.7523341765645
391.3626982412833
3732.335023399817
144.07642021753045
4302.702386465528
682.510721288727
0.0011310833527854722
5
361.1025423854711
315.0537189393599
617.033356605921
568.9955726355757
2814.390216383704
791.5578309149792
3699.9590771628464
138.5328306796057
4405.8453904291755
865.7627370746652
0.0013071580866562164
5
320.80085218869687
202.85735448196735
735.9724680524632
400.775223584785
2773.1185359299575
647.7435133213159
3673.9101528985307
115.10553353083932
4274.784130850541
671.596979489055
0.0013071580866562164
5
410.05628763646536
339.59241817871515
511.15157958469814
794.6299458290796
2753.1942559526883
681.2097720023521
3736.222089424223
146.43947181615363
4212.330251582204
875.8166447871835
0.0013071580866562164
5
351.3288221529515
328.95635644778787
615.8306414732763
549.7894247481827
2750.49061455821
641.7597040658359
3690.4927827271904
92.54201579483097
4430.547409600981
888.8314347157503
0.0014552061556126208
5
316.87751362242176
209.54136420024517
667.7125366160169
341.2471611936445
2729.8866187871427
499.19396682278403
3685.1966248918643
99.54803402636466
4323.316001159984
623.6630812709108
0.0017252540725293962
5
322.3240944406849
216.5304674463953
754.0349068897991
487.7164183303142
2810.011549252735
1018.4756032748459
3693.545470063738
124.44413869777088
4415.888145390637
1003.183305930914
0.0017252540725293962
5
333.55096901015264
213.55984415933028
695.5843104291155
767.1486221178934
2629.776972095327
818.8706531777013
3695.4820296299686
212.51709441768085
4211.538780867043
657.7311900183214
0.0017252540725293962
5
319.75090102656856
265.2825433465219
690.9699521225582
550.6310602109443
2677.8496614608043
751.5725401128717
3673.6939885953725
117.57080454023195
4332.40079006257
691.8466518188318
0.0017252540725293962
5
354.45184612183175
216.75776283310384
572.4838024028394
1098.8831929664555
2741.7375670829542
1206.8753339978282
3674.6008605395455
198.80153054429658
4084.2100127776002
668.8749317182817
0.0016146418955627839
5
308.1671299763146
198.10447412112205
761.3097939193439
397.72660403354706
2743.532559918462
608.5021500698798
3716.5819048565627
161.4687470761935
4286.0613229807805
656.2674153654029
0.00204622713043478
5
309.0732132100032
187.5124642560416
772.044776140762
428.47211719786685
2770.2560704605676
677.3671923961061
3685.5690677637017
136.0138409704733
4345.342812821431
957.2802528404362
0.0024690010522459803
5
303.78939114200176
200.1145128338977
762.9880691997194
269.915423600984
2678.0227466529846
554.5051080584783
3650.7574107425576
117.10189936280412
4258.404593823818
643.2408532683803
0.0024690010522459803
5
332.9158774173705
268.16163901603716
687.5286341435239
389.02869837531233
2710.5959577131985
548.5754999678175
3636.4190914990318
106.30915508035544
4268.502907152753
642.4725753826673
0.0024690010522459803
5
338.3160865639188
227.24865334509875
719.5789781577086
425.7919310263977
2804.1792451720385
910.2192379596248
3677.4031001627445
204.27204234925105
4163.11061510012
685.8262791120914
0.0024690010522459803
5
367.1974125338627
269.4195059585512
661.0109706659794
746.0574951407051
2635.8123299666854
779.795212818167
3696.4845219399726
198.4360938555883
4193.782526866632
964.2854823092993
0.0020452775256147885
5
354.07830148770313
274.521619830099
665.2239666792625
614.5060200355528
2681.300299808938
754.1713557758437
3673.0877777832884
174.4588374535595
4218.799086268874
838.6934560979337
0.0019108990463526097
5
327.14236299857333
277.62080186054607
772.0321960050966
410.5946342654307
2699.436284529589
798.9227575186908
3684.9735126078253
188.41540944354966
4236.157402128438
856.8950056999096
0.0017794346036931923
5
326.3689398017797
312.00653352793773
718.3018592719935
398.4738078684671
2961.766313749656
1003.3608950119485
3667.9270781575233
188.08451915097174
4227.122441520074
1026.3046847291087
0.0017794346036931923
5
347.66408439149325
368.14087031192935
646.89453038845
434.0841050560319
2717.2210375696573
758.9657759476446
3625.158949256567
116.8950996137358
4222.710905083918
701.3063496691129
0.0017794346036931923
5
353.8945226316484
355.4594527598381
682.3307600024848
492.2721791722388
2759.140647553486
880.44165563364
3672.583715681575
176.55239825153413
4309.058898622824
1063.1518595958587
0.0017794346036931923
5
310.82240934886124
219.35984971587192
769.214905834647
270.50376071761326
2748.8324936930367
517.6883927542132
3656.187226461098
116.98098545749264
4350.3943970570645
826.0466399864993
0.0016518233841899127
5
304.45394498182253
303.4064953759978
729.0178093303098
297.6424285560817
2740.74627232786
590.5745476900837
3706.419580155066
105.34517351607714
4433.873092987734
1035.6407893829676
0.0015151317181751034
5
329.54115041584004
266.83896830509934
766.4294685098085
399.449246434823
2689.4285713168138
855.2902049339774
3733.1323009733037
158.75047367492454
4157.581641478624
876.7406089019844
0.0015151317181751034
5
306.61937720561036
170.0979055174792
775.8207271044937
301.10584454313954
2704.6663351089237
535.4970868661029
3718.5535198895823
137.6104789115445
4236.950565241296
650.9495487962704
0.0018945538161632082
5
309.94370988899607
197.17467297901592
734.7432286454687
317.6227853576821
2731.552123068892
596.8222009579558
3685.433247677254
120.54610581544381
4353.002196816642
631.3996524487332
0.002107415478549223
5
306.2747610970796
218.9339984071876
744.3333001648732
278.9688135533304
2728.404055966224
555.7815805612142
3660.6429972243045
84.3893766310577
4482.921935893675
825.8584108910167
0.0021125835685769914
5
306.4624962177644
190.53965664569398
748.1514947838741
257.98339189074346
2724.0332189949527
513.7536574566732
3699.004823247981
89.27603803982464
4415.323522592461
888.5186057019091
0.0025263141428457426
5
306.16533968220546
206.78148148084244
786.3722218335803
271.56571303699366
2629.9603365645457
468.6288375468969
3693.8093702415154
120.13386602328426
4483.345516846026
948.9758618068157
0.0025263141428457426
5
309.67346285912055
196.43518580416995
837.5724021103762
247.68852321133187
2632.7501932910573
670.7919883811616
3727.5709467840384
122.92585411803834
4601.685603495473
1352.4666281825362
0.002705542170797074
5
295.1190410701926
213.30506341678608
850.9414420675118
323.0535534586445
2669.198524008283
565.1881587924718
3657.503261946232
86.1959622907119
4533.015762708313
1036.2301807529068
0.002705542170797074
5
367.70721329253786
1132.662822256151
534.2384490763013
798.9669136702338
2230.174925129912
2266.9602911419142
3718.4083628291164
182.6206247161755
3819.266646803509
1400.647685556987
0.002705542170797074
4
546.7057473299517
284.72893033941745
2715.7988388330778
1174.2924865225477
3704.03195608934
149.68318738116892
4953.112001798802
2303.750902486946
0.002705542170797074
5
272.5969128880977
433.1062988855177
738.3126797884416
389.1815465253826
2638.0571341930154
632.5287699891829
3707.522292757156
109.0282263257952
4625.791152186588
961.2498277291651
0.0024493100389815403
5
283.3102867109437
341.3669593092745
802.4538948312913
366.8931460330007
2605.723923137518
677.384693844963
3719.395112293873
131.56715207477166
4434.462993102959
1131.6444058447612
0.0024493100389815403
5
238.46444246231835
786.5655464389274
669.7019245183157
408.4960291204577
2510.1007925956524
912.0467074195742
3734.3414506282083
123.44106035920078
4404.539383820658
1503.4806779825844
0.0024493100389815403
4
590.6305484502678
234.9540237813273
1814.2468049691506
2178.804717940071
3184.213510286217
1390.8956515561974
3751.4089624577705
146.52284779770014
0.0021173374029779183
5
291.277097891414
676.9567084025764
740.8303384434128
517.6042478237131
2859.7017471435975
1775.9453805376736
3759.216985258536
184.48473412448664
4055.0073758473495
2260.7108669172
0.0021173374029779183
5
288.60665309474825
353.59625796978065
763.569479541123
247.68211883838518
2731.4338797287505
737.997164701442
3708.745166539577
129.18103443231
4556.087516810647
677.9311212186842
0.0021173374029779183
4
565.8270207662436
387.96774206783164
2158.0892716324297
1113.450887078729
3707.126611018958
145.57604268565865
4209.741364504761
1049.0361717698306
0.001859682323512793
5
297.1904895721781
451.5636416117661
749.8906305620342
440.3832885253033
2390.9457355693635
730.61418622022
3674.412728506253
114.33162775926536
4186.2580975644505
623.1413306236195
0.001859682323512793
5
333.5008238798012
296.8872625421224
1030.8430440792768
768.5158003044622
2365.2593565670745
1579.602390360444
3675.200696483314
150.26010927044396
4129.872134352708
1332.888864245687
0.0016647874107736573
5
297.3004121843821
415.62914301029656
760.7747509380595
440.38870789870714
2525.442518642371
786.2184592110522
3660.3756493677984
112.28166151039527
4460.340479171691
1034.1399845536218
0.0015856869387188203
5
318.424557578317
690.4922303918253
708.4623290895713
612.2237200177649
2486.652619908945
1609.2932650167886
3690.3834094780736
134.50478746651936
4221.426748271431
1091.3132567450589
0.0015686488335155452
4
584.363998865057
330.6427994219397
2905.662530698111
1920.8710237934854
3716.2894726674294
141.88336146172884
4993.248097982042
3249.1103752682666
0.0015686488335155452
5
286.39134510776637
631.1071263235203
652.07061339198
461.5933797502565
2595.5231889214065
1319.91195383936
3721.1080061316457
139.55503506526975
4141.029126392541
1044.5436246215415
0.0015686488335155452
5
303.54046014945067
337.97304613458243
746.9141562291133
315.3791930993075
2783.071610601699
1204.9838704318547
3742.9758876903766
162.44234980377345
4132.62175634039
858.9714617993179
0.0015686488335155452
5
326.4000852887957
486.1229543537089
712.1186764531788
521.4657862336558
2604.4397664914454
1011.0204856416774
3727.258467457958
127.18265229767677
4547.7698186177995
1325.0721245954212
0.0014530931084896237
5
271.5035628773917
377.95383624436926
776.4707870964649
279.1898704276399
2615.0751341763444
836.8227353067325
3709.5657820816386
118.59622300350738
4257.183898740689
711.0193314201911
0.0017397103722691328
4
655.0906987532005
417.77857441402233
2473.289386846131
1663.501146619758
3711.590458814388
156.471602370988
4101.584889410787
1365.6485028255522
0.0021338967875588776
5
308.9800000024958
618.696775983048
732.0025697497296
536.5060805133246
2801.2650831849182
2149.7908875778066
3759.795318613566
176.14979203003801
4151.400103444487
1809.040910186508
0.0021338967875588776
5
327.1539355864512
390.6346686789647
762.1139321396662
610.7916493255169
2578.556121556106
1247.9384879060228
3704.4857682001466
134.01428745363978
4171.472539522985
1035.397291812559
0.0021338967875588776
5
298.9986997297323
390.0541946561685
709.9636881905036
350.5463701180057
2631.0693811029805
1062.7315012755266
3677.276570888674
111.54855857609496
4178.112338831074
699.9941293186715
0.0021338967875588776
5
394.367940153539
540.7644257925409
681.6765385072303
866.0271222310365
2375.365439434456
2254.5327911590703
3700.5803112683475
142.17773307210553
4127.635808919987
1327.211359483858
0.0019130718287620515
4
583.140800729363
273.03789116939146
2245.1090267363907
1315.6701355865264
3728.513247626877
170.14152318862978
4052.1911098987143
971.0549700508703
0.002001554340350252
5
338.87511097277354
452.22701770600963
709.5387616138945
499.4430199186764
2538.476039301196
875.7767206726774
3717.281877763648
96.6702233881834
4300.735272354351
1453.4312470661555
0.002001554340350252
4
566.7607152481411
259.5028947929386
1599.5478880678634
1603.3694728915927
3530.942706491814
1092.5699429928086
3749.6569777698464
187.28023355708348
0.002001554340350252
4
556.399646754965
290.304654021139
1590.3205113866295
1384.609687915971
3608.7099984132515
1256.0706794369096
3765.4595984201273
165.4705776380421
0.002001554340350252
4
534.6326202202191
262.0038633628931
2209.3369223974187
1144.7574730132483
3749.974129216824
138.11715465291184
4187.075182633373
1308.5437852297214
0.0020248427934920392
4
536.3363339617727
267.4386658741321
1895.9013731756456
1203.94653123251
3706.677481677845
233.2363341724605
3992.986266063521
782.1764455919049
0.0020248427934920392
5
232.8176531389757
722.4288171374808
679.3690387450092
340.65296981443765
2604.9731821398022
1058.9293632948393
3743.3253329446006
105.24029111164793
4579.581249802189
1564.6119471714
0.0020248427934920392
4
637.0522380753088
471.45195396061837
2562.098666003757
1512.8823019984582
3755.342519842245
141.28807437363582
4207.206192238738
1599.994707490906
0.0020248427934920392
4
576.835822231699
383.0090285563381
2496.2563946201867
1226.6166933520858
3723.595280180453
101.22462954862056
4375.800624078726
1426.043239168131
0.002021568759704187
5
134.29464576140222
1030.538612645947
624.8823825484622
464.2534187810975
2284.702547334052
1351.8042786039143
3756.9187649018254
139.9900882129669
4069.504926921602
1096.1712450576472
0.002021568759704187
5
451.258679591438
1014.2815476090236
476.46681476506075
514.071029912715
2417.902144172448
1390.105189467727
3718.202018593007
159.82770364651063
4040.116646715582
962.0709563103638
0.002214315132306222
5
397.8552239516199
795.3543475633502
568.5767620402817
865.8893556307907
2263.842441762613
1361.9545783897202
3705.884554399559
134.84638004411173
4388.327260743619
1476.9183535079203
0.002214315132306222
5
314.42282168668396
342.84927916052425
747.7320821306306
651.3143979343004
2550.3621731608823
991.081333336462
3702.717688377449
87.19784585513972
4342.901938412865
861.6368331145246
0.002214315132306222
5
281.1448823104992
556.5686230335128
744.1279043251311
563.3149466132522
2542.8506108122915
1586.5183284422426
3731.154023381371
133.15397438851033
4148.781788124169
1133.2379070999018
0.002214315132306222
5
308.3407318577633
370.02540997694456
782.9495981903231
367.9263162769145
2890.7109633616246
1179.9317692871239
3764.1534031589676
153.38364841087846
4219.774933181033
1345.6980911781864
0.0018927257121037278
5
336.0798109942603
482.0218842083838
763.4752763964366
627.8297094075767
2793.3154265381486
1424.862466666581
3782.5344849857684
215.7070419246046
4014.793023324864
1589.7188014327523
0.0018631789580642673
5
290.39668867356175
398.24350137289235
753.8785966217845
445.5092053712594
2580.093706096395
1016.1335625484468
3702.4675041247992
175.74350412699684
4131.679776146725
588.3856709290664
0.0018631789580642673
5
291.21241488408975
234.9678203686631
852.452199978028
262.37305576240254
2615.467152595527
977.2711883621539
3713.628689467876
128.15757170908196
4157.882142075122
637.6711620359173
0.0018199756477664212
4
497.51160396346194
375.43965395857884
2476.9574774917164
1543.5433586539611
3759.0497462046733
131.5943294748436
4225.8798000191755
1873.3218872337309
0.0018199756477664212
4
583.8290750740192
341.7396487672623
2271.804248150514
1397.3740224426133
3664.928435635343
187.36137797228238
3985.1990985518446
463.5977308155389
0.0016900844769884014
5
338.6066718623653
547.7283652955554
653.6915116706052
585.6847758650067
2802.5921305710253
1092.4394101440444
3750.858293089573
140.12800835166618
4237.492381333662
1643.2708869682854
0.0015839398351056146
5
141.45438747804184
1058.5597399055537
595.8134691275551
373.80782848773504
2579.631354452925
1195.8066146944793
3694.3155523696055
139.8206670231592
4192.2992035185225
901.8612695727916
0.0015458892934149544
5
386.01357047559355
447.20511673935545
656.4909461819862
961.1349423796075
2432.433297426614
1428.8935028860042
3747.285006585771
145.26680694710547
4186.874172040249
1061.8329309197904
0.0015458892934149544
4
489.2036552832355
305.9198374021205
2367.0651625205974
1361.1477734801208
3687.9329223046984
181.5579278405136
4090.724855112422
654.1433104165886
0.0014397387322765244
5
301.00889859517935
307.20130314544275
771.5596905167778
469.3741644318883
2765.496540733367
1072.7186127432494
3697.340078005101
127.0773595253161
4115.51104604196
680.665640263442
0.0016144192342284563
5
304.3594723317067
194.1863405720277
800.061867873898
346.7796754848922
2680.3761147092773
706.0412237577262
3700.6399233498673
103.28953196257476
4190.745535589118
534.8195634376093
0.0016144192342284563
5
344.33648566612237
337.1939625179261
626.3237593291467
621.3283590383919
2832.2962567558784
1024.75774749208
3700.4341492832423
119.5451168286259
4190.316485613249
950.0108786972254
0.0016144192342284563
5
353.2752173029091
262.48213951777825
695.5024737010422
674.3391556350288
2630.6531989938635
840.0198550908241
3655.653460109009
101.06632890344086
4131.479114853927
640.271357086895
0.0016144192342284563
5
348.4297021840548
346.5026487600678
646.1066321084892
584.3866930591513
2647.9996857111805
883.8325600350275
3671.7227919597485
99.14115048680202
4230.1462641904145
676.4038745598674
0.0015425134559516206
5
370.1582375466389
880.7429203021358
447.14511943626235
374.7205230156585
2620.182582163392
825.380728126844
3657.4600558967277
108.00763737040923
4182.645481095156
560.7152478755238
0.0015425134559516206
4
448.14237234991333
200.70295480201312
2496.9088349242506
1299.2009447561707
3663.1521733299746
118.47192516453578
4091.8386280531577
893.9463568925619
0.0015425134559516206
5
364.8239312300287
287.7605566302232
511.49867156110105
983.1056910259938
2634.0586619769024
1046.4258587741842
3700.714419194744
153.17743413949765
4131.58027085888
728.9746034368527
0.0015425134559516206
5
365.81776603125405
326.8203987939989
575.1800543697276
933.1579139476335
2758.986289289996
1060.0262819620755
3734.0332322159556
134.0195731910614
4268.184545381706
1367.7403027811802
0.0012790811829864644
4
491.41058252801287
339.63853531539
2696.0493406181986
1755.623848520612
3734.7559330694735
168.15400904306324
4005.653291764734
1106.7132541901935
0.0012790811829864644
4
488.80256465956023
271.299229719091
2517.0743850072927
1467.0326076866925
3702.1680594490763
177.89579373418965
4094.719357952558
1030.8109466740666
0.0012855626950735006
5
354.8523364844882
549.1294387081806
632.6351863852923
623.083290007166
2534.9081191003465
1482.406240484723
3644.3819223979754
112.8017515604508
4080.5030414873836
504.22409138494487
0.0012855626950735006
5
346.3321193890291
276.8053067280886
710.9252613624714
729.4789782120658
2728.821585253846
1207.3980339397685
3703.8578740185703
155.67634118280992
4196.405920354802
773.1394975852325
0.0012855626950735006
5
351.53150872256685
569.3063068061528
614.8663132223646
453.23591253451497
2634.355660957622
809.3537736422027
3769.7348238060913
122.99340865816748
4308.344931736163
909.6983286587232
0.0012855626950735006
4
620.3355535577655
246.8389826936675
2501.71492630731
1112.0731774279363
3759.7730871362974
124.31707806093313
4522.7904920629235
1294.3820504053385
