7.860956251269581030e-02
1.382813032845520429e-01
1.342183030387563980e-01
1.124822424164683005e-01
1.348945482150911701e+00
6.761255581714402219e+00
2.709002887654231984e+01
4.965732891027421658e+01
5.254333703999436267e+01
3.737438283362835989e+01
2.387092058192745370e+01
2.287117826746974458e+01
2.240256401377726903e+01
1.126541784107092958e+01
1.258740297628627269e+00
1.338645816235521702e+00
1.678890402421780115e+00
1.839188899135686839e+00
1.991869066422177870e+00
3.336270190860575191e+00
2.580214717138657932e+01
4.754646050260816281e+01
4.922648290741489774e+01
4.758295415981835674e+01
4.703248202995064986e+01
5.324861456265374215e+01
5.997579714416117724e+01
5.078414391119739690e+01
2.096969575838953403e+01
3.077909267333479804e+00
3.613685936213194339e+00
3.057182594009215659e+00
1.671972901875566464e+00
3.359939497532056674e+00
5.749917860726659669e+00
7.746752317442232361e+00
1.716435526800956879e+01
3.392373641620215352e+01
3.326745649939088167e+01
1.251689387303394518e+01
2.463864734198800033e+00
2.822237373471470967e+00
1.457175543150913244e+00
1.038312694494484045e+00
1.685855952862259421e+00
6.861023705578945808e+00
2.321287921903451590e+01
4.248211503858218663e+01
4.728031147399281764e+01
4.475285730418701746e+01
4.341957568786985888e+01
4.927963901520662660e+01
5.766304780283611109e+01
4.409547863834096404e+01
2.784770905122722695e+01
3.090182991101213617e+01
5.245885624750843590e+01
7.433897510468619885e+01
5.788459909701800399e+01
3.248638591764655814e+01
2.431707042406182140e+01
1.216061141093308962e+01
4.001238218818865988e+00
3.025689923991713215e+00
2.932177107347134992e+00
3.140184340186080281e+00
6.080251655264050648e+00
6.518671373464616892e+00
4.337655025669963749e+00
6.260189386641163978e+00
9.483896671317735283e+00
7.469661809392193597e+00
3.007075779023427931e+00
1.396258834427670070e+00
5.064431854500501817e-01
6.877769468497754168e-01
5.955454260182296844e-01
5.418475333719385834e-01
3.964691752129520519e-01
5.184900559367534578e-01
1.703379367481236306e+00
3.575980358487478750e+00
5.084481058908915330e+00
7.216479622620981971e+00
8.407565248987555862e+00
6.991403267825966772e+00
6.056515556817446466e+00
5.806252688305141518e+00
4.908841470216607661e+00
3.557793782145700856e+00
1.712522922685854931e+00
7.806455124637360354e-01
2.126843280559493010e+00
5.447938816667884154e+00
6.165187002880240463e+00
6.486816484885200573e+00
1.391376514842468382e+01
2.318231223924424711e+01
2.274938570991985998e+01
1.200799724486151554e+01
3.452438256855173027e+00
1.122669794099323770e+00
6.552075196222957310e-01
6.578800432041118640e-01
6.654940923421766019e-01
6.618201072346562297e-01
7.528698820319140728e-01
1.523463762157931889e+00
3.802768038044059828e+00
5.371513214103588396e+00
4.804269569931593153e+00
2.948284697249288655e+00
1.398375876588516142e+00
9.120330855770182321e-01
5.297618769768723812e-01
3.527079378768420703e-01
2.913466492535053964e-01
2.927677129825867475e-01
2.826933458127299237e-01
1.334390924637780973e+00
1.525282998709114324e+00
3.890371985971134983e-01
1.839021673964414960e-01
1.458859569823885149e-01
8.153899934765652946e-02
9.444910664923715504e-02
7.915983860809826245e-02
9.523689373403974867e-02
8.554027613431726407e-02
5.701315114706120152e-02
5.614114502825486713e-02
6.910554928026624300e-02
5.860779786314686962e-02
5.505709310143556273e-02
6.144809814371327700e-02
4.865023098636462456e-02
5.474547847578326021e-02
5.562418331851596426e-02
4.864282394072272364e-02
5.409308096227335994e-02
5.722354683695266703e-02
4.598859400129703956e-02
8.484632911319923976e-02
9.985955684672143118e-02
4.981067697830134783e-02
6.443617805887548455e-02
7.963368408611325167e-02
1.549409978659314624e-01
3.975135387448206492e-01
4.638333411352228985e-01
4.612169874588082363e-01
4.638653613166143774e-01
3.806385964741686445e-01
9.286115510205070755e-01
9.686594550506459900e-01
5.126824392292441690e-01
5.876334984090340052e-01
6.711861575863841134e-01
5.389476195281643900e-01
4.141901326325602151e-01
3.385303580055066819e-01
3.188846328585980272e-01
8.305529899110531966e-01
5.330223759553226692e+00
1.050946041341328652e+01
9.049919444516065781e+00
8.981146462593549984e+00
6.495107484814483634e+00
1.427903258428498301e+00
9.357392553830805593e-01
3.950672421741774354e-01
2.565236209272120926e-01
2.532413421532948017e-01
7.450547352516749822e-01
1.564994496887309516e+00
4.648487319446242161e+00
6.496060444525744160e+00
3.696357445154806243e+00
1.174911183074116572e+00
3.721783448281414941e-01
2.187771982607232824e-01
1.656715431618990819e-01
1.610473216791343531e-01
2.024468883274515019e-01
5.430786243562141236e-01
1.010994070469664941e+00
1.157516159881353257e+00
1.223410482198551863e+00
1.646417611485560872e+00
2.231555739886482037e+00
2.862583463487537117e+00
3.803593038250505209e+00
5.104929244490977958e+00
7.272848963687438051e+00
9.362834841092444904e+00
8.287366717050677067e+00
5.411804021619427196e+00
3.205786348194652025e+00
1.561656721751377930e+00
1.318990046145039230e+00
1.983938789014093373e+00
1.526748615772513862e+00
6.492563883652090473e-01
5.594009381976086104e-01
5.143841463791789526e-01
3.901221355072106434e-01
2.602362560294466109e-01
2.514669817433705656e-01
2.208829245672474517e-01
1.601027809962484727e-01
1.506500829381063611e-01
1.340645655553683313e-01
8.991344729636661925e-02
8.397874355287308912e-02
8.746684408240312791e-02
7.777444786704702795e-02
5.702630835655594921e-02
5.020318535156458734e-02
2.474144550446445157e-01
5.418766961572336616e-01
6.895471810483543296e-01
5.046366321639965680e-01
6.808098840286890274e-01
9.087720343470370166e-01
7.467239772089218075e-01
5.682638660180280299e-01
3.253423440077745088e-01
4.903276214077231243e-01
7.133171533727923341e-01
9.035005570327697688e-01
8.062340382039769882e-01
4.813370421190297233e-01
2.762161604122816971e-01
8.799997618664597010e-02
5.719629252073929471e-02
6.235578877176317647e-02
6.365403787316123441e-02
2.885899563039276972e-01
3.223170363031117591e-01
4.093879689041258763e-01
4.031764402003641390e-01
1.072629380931064413e-01
1.059771546975722123e-01
1.056504425090837029e-01
8.769814827143967984e-02
6.644935913885154921e-01
1.738426846098052536e+00
2.048238415933081313e+00
1.385956796226841314e+00
5.561103204428059499e-01
1.975036036897495906e-01
1.888729655957579467e-01
2.447198082184441625e-01
4.276572414137994049e-01
3.605777872022092878e-01
1.334713877199273369e-01
8.599492831442445695e-02
1.101474294371853346e-01
1.521284242320692370e-01
1.497454605558971585e-01
1.169291856835653898e-01
8.624420036530226763e-02
7.458911506162578531e-02
5.127194964159660640e-02
5.279580507786699878e-02
5.929447240408212971e-02
4.074425191605506730e-02
3.936343397711845188e-02
4.546972901061312883e-02
4.835769489506119151e-02
6.237917154123467228e-02
6.076667459786532638e-02
3.749297065860895950e-02
3.093613562319768098e-02
4.776744642934185880e-02
2.283760480629012102e-01
4.769704699598192876e-01
5.541437716589787676e-01
4.245383066028022290e-01
4.261956990809468993e-01
5.320533077373772457e-01
5.541388564141788153e-01
4.513874674940409615e-01
2.326078969715453526e-01
1.168504813457829639e-01
2.299706606366987705e-01
3.853956029191431543e-01
2.430429888331515631e-01
1.152233148105518828e-01
4.110024893181584149e-01
5.906546219356606509e-01
5.512044341472284170e-01
8.106956513941189213e-01
1.025366849545151116e+00
9.022401835870788034e-01
4.363762774083186913e-01
9.417494058639266918e-02
8.737422850295907539e-02
1.365410885043729372e-01
2.325438643151227225e-01
4.447351398714345372e-01
7.157208518125202090e-01
1.401419639870515876e+00
5.265507033161345163e+00
1.655233350551555205e+01
3.208101623331176455e+01
3.795788280085020006e+01
2.673521802025874550e+01
1.016679692026991688e+01
3.024636283223766764e+00
2.323891614248913218e+00
1.845665509059187137e+00
3.341802835283345541e+00
3.904575138893459751e+00
2.992855793459972880e+00
2.790617012993614310e+00
1.800521579145010431e+00
9.786612285346211193e-01
7.980878612901483038e-01
5.161876640079703371e-01
4.008093330076658578e-01
3.161791646227129493e-01
2.070208246305194622e-01
1.359418471667739603e-01
1.243035307693565739e-01
1.656970825940507486e-01
5.501370853710851883e-01
8.609841489202385567e-01
1.007594942141523120e+00
1.106503451979386599e+00
8.632493779765701980e-01
5.079656930596112563e-01
2.130463067414695710e-01
1.433214872754577374e-01
1.399209207772633690e-01
7.515037678708720581e-02
5.167509547985710272e-02
3.320461001090658365e-02
2.529024273187366681e-02
2.573523780401606662e-02
2.321638080343348121e-02
2.453215571177505896e-02
2.971082828144751622e-02
2.502484427352401342e-02
