0.000000000000000000e+00
0.000000000000000000e+00
1.931820022090389841e+02
1.873241130619915111e+02
1.781729527778829834e+02
1.743705443725914108e+02
1.761190765806837817e+02
1.859419952512490113e+02
1.808493077347739586e+02
2.106091346676891760e+02
2.174090329399668065e+02
2.283439718633219115e+02
2.313021241479378887e+02
2.274974268852364503e+02
0.000000000000000000e+00
0.000000000000000000e+00
0.000000000000000000e+00
1.981928868881396397e+02
1.885289046099757968e+02
0.000000000000000000e+00
0.000000000000000000e+00
0.000000000000000000e+00
1.837694818936541878e+02
1.860243600491148186e+02
1.815412647320360691e+02
1.818362209830819438e+02
1.790120595343641980e+02
2.076749393164597279e+02
2.150983546962410742e+02
2.198534714359428506e+02
2.309351699798500874e+02
1.992518562936396052e+02
2.038424999232314860e+02
2.073295301184510038e+02
1.716605994751990636e+02
1.688552651450079338e+02
1.884388051351453441e+02
2.035499170571489458e+02
1.936492529661611286e+02
2.057651415711987113e+02
2.326757026463381521e+02
2.427372231801690248e+02
2.407169466858301519e+02
2.437722039874715847e+02
2.335646800968501680e+02
9.468394218987404543e+01
9.732953778627246777e+01
1.952111051221849891e+02
1.845694272893404957e+02
1.719641776547771883e+02
9.421647323259203688e+01
1.872496402008930261e+02
2.271965908220376207e+02
2.368328450443103748e+02
2.234074076332099992e+02
0.000000000000000000e+00
0.000000000000000000e+00
0.000000000000000000e+00
0.000000000000000000e+00
0.000000000000000000e+00
0.000000000000000000e+00
0.000000000000000000e+00
0.000000000000000000e+00
0.000000000000000000e+00
0.000000000000000000e+00
0.000000000000000000e+00
0.000000000000000000e+00
0.000000000000000000e+00
0.000000000000000000e+00
9.610059324381946055e+01
9.748492238067859716e+01
1.040254623823120852e+02
0.000000000000000000e+00
0.000000000000000000e+00
0.000000000000000000e+00
0.000000000000000000e+00
0.000000000000000000e+00
0.000000000000000000e+00
0.000000000000000000e+00
0.000000000000000000e+00
0.000000000000000000e+00
0.000000000000000000e+00
1.861429530233810681e+02
1.782843707661673420e+02
0.000000000000000000e+00
0.000000000000000000e+00
1.884430286463723405e+02
1.804890628384082731e+02
1.906761895394712951e+02
1.907632445857368850e+02
1.976890445352490246e+02
1.933809079723785374e+02
1.898298156239635261e+02
1.828914163774894917e+02
1.766761325669248208e+02
0.000000000000000000e+00
0.000000000000000000e+00
0.000000000000000000e+00
0.000000000000000000e+00
0.000000000000000000e+00
0.000000000000000000e+00
0.000000000000000000e+00
0.000000000000000000e+00
0.000000000000000000e+00
9.444173445271658807e+01
1.063145669540247269e+02
9.876708373487747394e+01
0.000000000000000000e+00
0.000000000000000000e+00
0.000000000000000000e+00
0.000000000000000000e+00
0.000000000000000000e+00
0.000000000000000000e+00
0.000000000000000000e+00
0.000000000000000000e+00
0.000000000000000000e+00
0.000000000000000000e+00
1.034654079226034185e+02
1.001113681677022385e+02
1.082308250629783402e+02
9.843526910062868751e+01
9.612866583403813081e+01
0.000000000000000000e+00
0.000000000000000000e+00
0.000000000000000000e+00
0.000000000000000000e+00
0.000000000000000000e+00
0.000000000000000000e+00
0.000000000000000000e+00
0.000000000000000000e+00
0.000000000000000000e+00
0.000000000000000000e+00
0.000000000000000000e+00
1.015461381387705870e+02
1.037544598315586057e+02
0.000000000000000000e+00
0.000000000000000000e+00
9.273204565746208061e+01
0.000000000000000000e+00
0.000000000000000000e+00
9.168714492299852736e+01
9.153576711169966984e+01
8.026516979346963865e+01
8.944596376515279701e+01
0.000000000000000000e+00
2.199841860176679234e+02
2.004316624858754494e+02
1.973292253046012092e+02
2.010075446339655798e+02
2.023013233410805185e+02
0.000000000000000000e+00
9.367947875732939167e+01
9.966112070545824508e+01
1.056364882514915990e+02
1.011632398344110868e+02
0.000000000000000000e+00
9.509560083000066300e+01
1.046929530788948455e+02
9.492036247302576157e+01
9.360050299593281409e+01
1.017730249722053628e+02
9.702196714690741430e+01
0.000000000000000000e+00
0.000000000000000000e+00
0.000000000000000000e+00
0.000000000000000000e+00
