1.768241656325518930e-03
1.322573680553935536e-03
9.020788245654083083e-04
5.586886787490910611e-02
3.142993635819115283e+00
1.388340373670866867e+01
2.712710273172102760e+01
4.222887472037796641e+01
5.161758688550172280e+01
4.795728599113463275e+01
2.818381355897673402e+01
7.524826117866139086e+00
2.610245880425908993e+00
1.945735108949459891e+00
1.532151389035270705e+00
1.027719653354127072e+00
5.218791012437707932e-01
2.841202522838086608e-01
2.335462166217458502e-01
1.331663840577433366e-01
2.439185978095314677e+00
1.685512301634109633e+01
3.080313037084116701e+01
2.554263574683514904e+01
2.250570169022006439e+01
2.775608794206926078e+01
2.448526276033347671e+01
1.135488232954901022e+01
2.065494904510931207e+00
1.168025215482369150e+00
5.885111559812642446e-01
2.998239727436630142e-01
2.485278713252242477e-01
1.406551342480115430e-01
8.428662348458031139e-02
5.318049298165200556e-02
2.925233372114141028e-01
8.908139772670709888e+00
2.708370540471410948e+01
3.475689946976147127e+01
3.004363700699289197e+01
2.658630927727102389e+01
2.737397817461729943e+01
3.187894309543216309e+01
1.877947322284921583e+01
2.599664853885248483e+00
1.947426263656157008e+00
1.199723930875146394e+00
6.832136080729100946e-01
3.953993648993471832e-01
2.295528698623350572e-01
1.318821170447064539e-01
7.847384759005431032e-02
1.505022903347769392e-01
1.398291749164575881e+00
1.446857196658078770e+01
2.793073911443204693e+01
2.875953795994612605e+01
2.879539197841235065e+01
3.223140158224435936e+01
3.094264741869982061e+01
1.505973873441367239e+01
2.691545142998484685e+00
1.873462289446836238e+00
1.044816824243473441e+00
4.835373149146339755e-01
3.109412531290726145e-01
2.036159808344700506e-01
1.183099640370540578e-01
6.513921460875754521e-02
8.623703965775225688e-02
9.389542999550475333e-01
9.853545532048796574e+00
2.344935929741233593e+01
2.586678373793156283e+01
2.097419530212436101e+01
2.066947890813182198e+01
2.385094183418553371e+01
2.270235267320016703e+01
1.126952988840363723e+01
2.426436500570178012e+00
1.640566606082535905e+00
8.041196224009627969e-01
4.663575786701455450e-01
3.045027730842995717e-01
1.676216816318488734e-01
1.292837428746988204e-01
8.253661512707970160e-02
1.878825498410916783e-01
4.237797607898366792e+00
1.634379708580733492e+01
2.070936949735676436e+01
1.672167991253423835e+01
1.391466836668660356e+01
1.722341883002563634e+01
1.843919361210750907e+01
8.857213919067735475e+00
2.796453766960482312e+00
1.334689709059913243e+00
7.762553966063794331e-01
5.053918564369000999e-01
3.853583121873662143e-01
1.518223255145159656e-01
1.172764161042817721e-01
1.117803212342320801e-01
5.290589288968770842e-02
1.727969440860750716e-01
1.424519450657881547e+00
1.057090891345782246e+01
1.866190784754013876e+01
1.735253098419400075e+01
1.732826564049252838e+01
2.158580971210399468e+01
2.338808961774939732e+01
1.228595705145859540e+01
2.155870100404754464e+00
1.476338809469387225e+00
6.499688128445477719e-01
3.833343277125142445e-01
3.197137252351924808e-01
1.489245948543995446e-01
8.829544113171423902e-02
8.624125453087756743e-02
4.178677674513585349e-02
1.111841117095473536e-01
2.901891556655636695e+00
1.376738811865983436e+01
1.936224209739969382e+01
1.759503952594737797e+01
1.681493975292324450e+01
2.043335445482808765e+01
2.068331305377445162e+01
9.225690190294939086e+00
2.112793451911892717e+00
1.072698551152184265e+00
4.558297929841462759e-01
2.829959117639568311e-01
2.133384558420659827e-01
9.360805638172582654e-02
6.307208153663584893e-02
5.406881933785865485e-02
2.478704443929474061e-02
1.631497256610307256e-01
2.286661776027309578e+00
8.769206378419330150e+00
1.658745780679963744e+01
1.770927147458915840e+01
1.631766725810271979e+01
1.441908010212830327e+01
8.416439255559527766e+00
3.074103456402745405e+00
8.386952522415525024e-01
5.797174926615107360e-01
3.749646372217924628e-01
1.919181599483359424e-01
1.160130536965166409e-01
8.044792923541783936e-02
6.318455758992597149e-02
3.949172813467764775e-02
1.478877274109431650e-01
2.185869983434790331e+00
8.412136678429595449e+00
1.363787972146401906e+01
1.312739495281344304e+01
1.171001522939941530e+01
1.354965200672515913e+01
1.090240148705402667e+01
3.941197625726574394e+00
1.220151204617689000e+00
6.907320482326475553e-01
2.812721527651114162e-01
1.621507149468899567e-01
1.232184224069382272e-01
6.939714073393694893e-02
4.705562798087346149e-02
3.093312546816878034e-02
1.641187868973597794e-02
1.568493096539120835e-01
3.578547181874878191e+00
1.454302013767987667e+01
1.899548631762079864e+01
1.739500499670287326e+01
1.787410600256396975e+01
2.155647390905782501e+01
2.075825511388054068e+01
1.130695438080473991e+01
9.336074726866584683e+00
7.016832288299257314e+00
2.507096965232739727e+00
1.894327306969580738e+00
1.196936482266621304e+00
4.847254113520946817e-01
1.848898208333663862e-01
1.365087003485371542e-01
9.262071470538457696e-02
6.985640774890466975e-02
4.364337695888143714e-02
2.846899979354080082e-02
2.857045836304489272e-02
2.685510961667329777e-02
2.032562261060262207e-02
1.350571958342739083e-02
7.909878791596424222e-03
