0.000000000000000000e+00
0.000000000000000000e+00
1.420835509443951707e+02
1.403521443240746294e+02
1.682437571980427720e+02
1.397533630081139222e+02
1.396558573943666204e+02
1.399731680483914147e+02
0.000000000000000000e+00
0.000000000000000000e+00
1.499062445961341439e+02
1.443026848801279414e+02
1.434252520932982407e+02
1.431726081613933559e+02
1.394264237930598824e+02
1.409654096447779068e+02
0.000000000000000000e+00
0.000000000000000000e+00
1.530255067861702400e+02
1.480558028112295119e+02
1.426777548486535068e+02
1.432580916459379523e+02
1.412584102363641705e+02
1.397218169942960060e+02
1.395662465541869324e+02
0.000000000000000000e+00
0.000000000000000000e+00
1.515602372139661327e+02
1.452181012068861037e+02
1.435564264648011772e+02
1.430127681333558485e+02
1.393720553860204348e+02
1.410872890579774719e+02
0.000000000000000000e+00
1.701107539835670934e+02
1.508413779950805065e+02
1.474923303928805183e+02
1.451917249173000641e+02
1.427648528350249819e+02
1.434980751088767477e+02
1.399535221408463883e+02
0.000000000000000000e+00
0.000000000000000000e+00
0.000000000000000000e+00
1.493105680959179722e+02
1.449133281288283968e+02
1.417965264163532879e+02
1.431830410969879495e+02
1.400919899026747544e+02
1.404380018158562962e+02
1.419859282188658653e+02
0.000000000000000000e+00
1.682222482838083693e+02
1.509451746157887158e+02
1.455304762807491841e+02
1.424143768941419239e+02
1.433961252697131954e+02
1.406670726835885148e+02
1.407125942508316712e+02
0.000000000000000000e+00
0.000000000000000000e+00
0.000000000000000000e+00
1.485257637748053412e+02
1.450942902084105413e+02
1.425605878691016528e+02
1.433888528899357198e+02
1.408267270527961443e+02
1.409261675835444976e+02
0.000000000000000000e+00
0.000000000000000000e+00
0.000000000000000000e+00
1.525097236265204970e+02
1.483909412432637964e+02
1.440702616676709624e+02
1.182768175524316945e+02
1.431686646328855375e+02
0.000000000000000000e+00
0.000000000000000000e+00
0.000000000000000000e+00
0.000000000000000000e+00
1.474082322097989106e+02
1.447100954123212944e+02
1.431636408289181759e+02
1.433209280657112572e+02
1.401606906667245767e+02
0.000000000000000000e+00
0.000000000000000000e+00
0.000000000000000000e+00
0.000000000000000000e+00
1.455645466701595581e+02
1.415228469277614352e+02
1.342159768120073977e+02
1.273544063851421981e+02
1.173437320009498421e+02
1.169646276821660820e+02
1.176522986837229610e+02
0.000000000000000000e+00
0.000000000000000000e+00
0.000000000000000000e+00
0.000000000000000000e+00
