44.06 13.24 7.44 8.85 16.35 6.12 99.26 55.18 0.46 150.50 11.36 138.39
76.99 32.34 5.24 7.20 15.10 6.42 74.63 38.58 0.13 268.38 0.00 464.01
74.87 30.42 6.13 7.84 14.26 5.97 92.64 38.27 0.58 205.90 54.07 446.30
53.05 16.67 8.51 9.81 16.73 5.94 112.05 67.92 0.25 181.44 0.00 227.99
15.52 6.15 8.43 8.88 15.62 5.51 125.25 20.04 0.17 154.88 0.00 153.02
62.54 21.93 5.27 7.22 15.23 5.48 106.50 51.75 0.20 227.94 0.00 291.64
61.50 21.28 7.65 9.72 16.91 5.81 99.57 41.62 0.00 nan nan 189.12
68.37 25.21 7.43 9.67 16.46 5.97 69.55 23.02 0.00 nan nan 194.16
52.81 16.56 8.30 10.58 17.61 5.49 95.94 19.68 0.37 157.50 0.00 210.44
5.13 4.69 12.74 12.64 17.62 3.62 211.60 17.30 0.00 nan nan 192.79
11.45 5.63 12.40 12.43 17.56 3.56 209.56 22.22 0.00 nan nan 192.45
16.42 6.31 13.31 14.02 20.41 3.82 173.30 35.64 0.00 nan nan 196.87
44.87 13.55 7.37 8.74 15.52 7.91 45.40 16.25 0.38 196.06 0.00 176.84
37.30 11.21 8.83 9.94 15.24 6.85 64.35 21.26 0.40 244.62 0.00 169.96
41.05 12.14 6.52 7.89 13.80 6.30 61.92 27.17 0.45 221.38 0.00 152.89
68.85 25.56 10.30 11.30 16.71 4.97 114.06 23.83 0.00 nan nan 175.66
46.44 14.18 11.85 12.17 17.78 5.08 121.26 43.37 0.00 nan nan 165.91
24.67 8.01 6.85 8.63 15.43 5.79 75.69 12.66 0.00 nan nan 176.48
40.91 12.09 6.92 8.61 16.56 0.86 1092.44 965.19 0.00 nan nan 205.97
52.29 16.31 6.70 8.23 16.17 1.28 733.99 578.75 0.00 nan nan 207.66
63.38 22.47 5.81 8.39 16.93 3.41 255.72 163.44 0.00 nan nan 215.75
19.93 6.99 7.82 9.10 18.28 1.30 730.52 352.83 0.00 nan nan 225.06
58.28 19.39 8.58 10.26 17.41 0.56 1724.40 1718.15 0.00 nan nan 218.34
59.39 20.02 8.64 9.63 16.62 2.05 464.80 498.04 0.00 nan nan 219.64
44.38 13.36 8.06 9.21 17.67 3.67 234.53 135.03 0.00 nan nan 165.68
59.00 19.80 8.69 11.06 18.64 4.43 120.96 52.70 0.74 165.91 25.66 178.65
60.66 20.77 8.64 10.99 17.90 3.91 159.85 38.51 0.43 153.06 0.00 166.06
10.53 5.48 8.99 9.66 15.32 4.05 179.42 27.10 0.00 nan nan 164.60
28.74 8.75 10.00 10.04 16.71 3.36 248.08 78.00 0.00 nan nan 165.89
34.81 10.43 9.52 9.91 15.44 3.44 241.76 63.55 0.00 nan nan 182.52
70.11 26.51 6.33 6.97 14.64 4.46 172.32 106.09 0.19 157.44 0.00 210.82
67.59 24.65 6.41 7.28 13.73 3.12 267.31 103.93 0.14 166.56 0.00 212.31
73.44 29.19 6.79 8.24 16.06 3.99 194.66 134.32 0.00 nan nan 214.94
91.42 46.31 8.87 9.12 15.29 2.68 335.71 216.85 0.00 nan nan 222.84
72.45 28.37 7.56 7.13 15.32 1.95 477.95 333.18 0.00 nan nan 219.28
75.16 30.68 9.71 10.17 16.09 2.30 352.32 151.66 0.35 278.12 104.88 222.05
23.93 7.84 5.60 6.92 13.73 6.56 49.26 24.25 1.69 168.74 11.40 143.72
28.94 8.81 6.69 7.99 14.69 6.99 62.93 23.67 0.28 193.69 33.31 162.64
46.28 14.11 3.72 5.60 14.48 7.08 58.65 22.40 0.89 166.62 24.52 230.93
29.76 9.01 8.80 9.97 16.35 6.10 68.83 13.74 0.00 nan nan 143.52
22.93 7.62 6.37 7.31 14.51 6.44 82.65 18.96 0.00 nan nan 132.50
31.77 9.55 5.01 6.59 13.43 5.56 86.80 23.42 0.00 nan nan 139.49
40.59 11.98 4.27 6.67 16.05 6.34 94.29 37.90 0.00 nan nan 207.02
54.41 17.34 5.98 6.85 15.11 4.81 154.95 95.49 0.00 nan nan 213.61
58.22 19.36 9.71 10.16 17.84 2.13 420.04 227.17 0.00 nan nan 207.08
24.54 7.98 9.09 10.11 15.96 5.28 109.60 24.03 0.48 173.31 0.00 137.76
22.08 7.43 8.78 9.22 15.58 3.69 212.44 119.46 0.00 nan nan 154.46
30.29 9.15 7.69 8.52 14.76 5.11 128.18 69.44 0.00 nan nan 139.97
61.29 21.15 9.44 11.19 17.91 4.88 136.71 63.09 0.61 168.50 14.56 229.07
55.65 17.97 8.01 9.69 16.34 4.73 132.24 59.28 0.47 168.38 0.00 207.71
41.37 12.25 6.85 8.45 14.82 5.94 97.61 17.49 0.00 nan nan 222.90
69.43 26.00 11.12 11.49 17.22 5.94 127.09 13.97 0.00 nan nan 219.57
46.56 14.23 9.26 9.81 16.13 4.30 179.16 59.33 0.00 nan nan 234.86
59.08 19.84 9.17 9.98 16.23 3.72 226.06 170.72 0.00 nan nan 243.34
61.80 21.47 10.68 12.36 19.02 3.83 220.32 100.35 0.00 nan nan 207.98
70.55 26.85 10.43 11.97 19.03 3.86 201.78 114.54 0.00 nan nan 197.42
54.52 17.39 10.03 11.79 18.41 4.22 195.83 103.88 0.00 nan nan 180.46
5.62 4.76 11.58 12.88 19.26 4.00 195.73 74.35 0.00 nan nan 174.85
1.76 4.25 12.34 13.28 19.74 0.87 1060.09 13.59 0.00 nan nan 185.40
40.68 12.01 10.01 12.15 19.17 4.82 175.49 82.64 0.00 nan nan 184.19
84.40 38.92 9.43 9.75 15.66 5.28 126.33 55.26 0.00 nan nan 374.34
63.48 22.53 9.00 10.16 18.25 4.87 134.11 78.93 0.23 243.25 0.00 209.34
69.21 25.83 7.04 9.09 16.96 3.61 138.99 68.72 1.49 222.83 69.16 205.35
30.78 9.28 11.18 11.40 17.39 4.03 165.68 69.70 0.67 159.19 0.00 142.46
10.78 5.52 10.93 11.37 18.04 3.42 237.01 87.96 0.00 nan nan 138.11
43.10 12.88 12.49 12.64 18.95 3.21 247.97 118.59 0.00 nan nan 174.48
66.63 23.98 7.07 7.51 14.31 3.42 258.29 204.79 0.00 nan nan 213.16
61.18 21.09 8.79 9.72 17.70 4.30 184.03 100.08 0.00 nan nan 206.44
74.95 30.49 6.65 8.52 16.74 3.27 251.67 209.17 0.00 nan nan 207.34
35.15 10.53 10.44 10.54 16.57 3.23 245.31 139.46 0.00 nan nan 187.22
61.05 21.01 10.56 10.73 17.17 3.70 231.69 229.53 0.00 nan nan 210.07
54.64 17.45 9.62 9.83 17.03 2.80 316.74 313.20 0.00 nan nan 212.14
43.85 13.16 1.18 3.30 11.99 5.30 68.39 34.02 1.77 205.89 57.33 191.95
32.60 9.79 3.23 5.00 13.55 4.60 94.40 45.83 1.73 225.78 36.67 145.33
22.64 7.55 1.40 3.99 12.82 6.12 72.41 35.25 0.98 186.83 55.87 144.19
19.52 6.90 8.31 9.29 14.28 5.92 112.46 29.70 0.00 nan nan 153.67
11.57 5.65 7.72 7.37 13.71 0.77 1241.06 276.12 0.00 nan nan 150.40
1.57 4.23 4.95 6.21 13.73 5.15 136.27 35.52 0.00 nan nan 140.91
14.40 5.96 7.20 8.43 17.15 3.69 227.45 234.19 0.00 nan nan 150.11
34.19 10.24 2.10 4.99 13.93 5.79 115.03 65.07 0.24 144.44 0.00 151.85
31.56 9.50 4.39 6.62 15.56 4.75 161.59 89.97 0.00 nan nan 149.76
18.04 6.62 8.80 10.30 17.31 2.30 398.65 355.30 0.00 nan nan 153.90
15.09 6.07 11.18 10.72 17.84 1.90 487.69 400.86 0.00 nan nan 151.54
16.53 6.33 9.05 8.92 15.27 2.45 373.55 251.00 0.00 nan nan 152.80
53.95 17.11 1.92 4.48 13.20 6.19 72.60 27.24 0.31 206.50 0.00 159.44
48.34 14.98 3.87 6.48 14.87 4.90 103.84 34.52 0.82 253.66 14.84 193.48
54.14 17.21 6.01 7.10 13.03 4.78 150.28 41.20 0.00 nan nan 182.58
9.90 5.38 6.27 7.82 15.48 5.27 111.05 41.75 0.00 nan nan 182.13
-7.03 3.40 3.51 6.92 14.87 5.08 120.52 23.37 0.00 nan nan 163.87
43.55 13.04 7.04 8.41 15.81 5.10 152.57 86.44 0.00 nan nan 199.75
59.47 20.07 7.24 8.31 14.27 5.88 86.81 46.49 1.18 169.15 6.68 207.58
35.55 10.66 8.39 9.78 16.14 6.23 89.62 52.65 0.96 183.06 38.19 150.56
50.47 15.93 7.76 9.49 17.13 5.77 95.71 35.21 0.00 nan nan 184.26
86.43 41.26 7.23 8.44 15.55 5.20 93.47 20.84 0.65 180.94 0.00 367.92
22.65 7.56 8.93 9.80 15.53 4.60 144.56 21.90 0.00 nan nan 145.52
91.54 46.47 9.58 10.25 15.44 4.53 145.77 17.96 0.00 nan nan 350.67
37.70 11.34 10.14 11.32 17.49 2.62 319.30 260.90 0.00 nan nan 181.53
53.92 17.10 8.93 9.79 16.08 3.87 212.38 143.81 0.00 nan nan 200.16
41.69 12.36 10.46 11.38 17.68 1.71 519.25 380.21 0.00 nan nan 184.81
29.93 9.06 10.11 10.64 16.82 4.35 189.70 98.73 0.00 nan nan 196.50
30.41 9.19 12.78 12.86 18.98 1.11 822.50 601.25 0.00 nan nan 184.47
-2.79 3.84 11.29 11.52 17.23 0.53 1761.69 0.00 0.00 nan nan 179.65
43.90 13.17 4.96 7.60 15.73 5.77 110.71 53.96 0.00 nan nan 202.67
48.15 14.90 1.84 4.39 12.09 5.11 98.03 55.62 1.18 177.65 1.74 201.37
57.72 19.08 1.05 3.41 11.51 4.53 132.76 101.59 0.38 246.00 0.00 201.59
18.57 6.72 6.60 7.16 13.97 2.16 425.62 267.71 0.00 nan nan 184.65
20.41 7.08 5.55 6.67 12.32 4.04 198.14 154.87 0.00 nan nan 188.62
17.37 6.49 7.52 7.67 12.64 2.15 417.44 395.00 0.00 nan nan 190.25
43.76 13.12 10.48 11.92 18.65 6.28 112.30 56.08 0.52 140.62 0.00 208.41
52.24 16.29 10.69 12.37 19.52 5.92 136.82 45.28 0.00 nan nan 196.13
52.96 16.63 11.96 13.25 19.21 4.98 173.68 61.81 0.00 nan nan 197.22
52.96 16.63 13.49 14.46 20.24 3.48 253.75 178.80 0.00 nan nan 179.79
34.04 10.20 12.54 13.36 18.72 5.39 149.27 16.51 0.00 nan nan 167.63
41.32 12.23 12.07 12.93 19.18 4.33 190.96 78.34 0.00 nan nan 190.13
65.85 23.45 4.39 6.24 13.63 5.90 122.83 73.20 0.00 nan nan 222.25
67.65 24.70 5.46 6.59 14.09 7.14 86.37 26.35 0.00 nan nan 224.19
81.26 35.55 6.06 7.90 15.19 6.89 98.86 52.98 0.00 nan nan 215.24
76.49 31.88 7.22 7.58 13.66 8.35 86.58 54.69 0.00 nan nan 209.02
65.19 23.00 6.68 6.92 13.29 5.91 128.15 90.14 0.00 nan nan 201.20
53.98 17.13 6.80 7.80 14.29 5.55 121.32 27.91 0.00 nan nan 196.52
52.87 16.59 8.53 9.85 15.76 5.72 136.91 52.93 0.34 208.06 0.00 242.67
66.03 23.57 7.56 9.21 16.99 6.05 121.43 49.83 0.43 165.38 0.00 220.32
57.38 18.90 5.13 7.31 15.39 6.07 114.52 21.87 0.00 nan nan 253.95
47.02 14.42 8.23 9.76 16.76 5.71 141.06 20.91 0.00 nan nan 195.97
49.22 15.36 13.07 12.93 17.76 3.37 272.44 209.52 0.00 nan nan 198.00
39.25 11.52 10.81 11.90 17.69 5.73 131.43 29.87 0.00 nan nan 183.40
15.94 6.23 7.54 8.43 15.51 1.90 483.15 314.29 0.00 nan nan 156.70
32.67 9.81 8.21 9.48 16.84 1.73 532.11 310.24 0.00 nan nan 161.11
39.48 11.60 8.50 9.64 16.77 4.79 176.52 132.97 0.00 nan nan 169.15
30.01 9.08 10.84 11.24 17.41 3.73 241.83 103.83 0.00 nan nan 167.83
39.50 11.60 8.80 9.47 16.97 3.95 227.81 132.93 0.00 nan nan 172.53
31.04 9.35 9.91 10.95 16.97 6.41 118.44 59.75 0.00 nan nan 164.07
48.82 15.19 5.57 7.00 14.93 5.06 129.84 35.55 0.00 nan nan 180.31
48.30 14.96 8.69 9.91 16.56 4.30 183.24 90.76 0.12 231.88 0.00 202.76
46.91 14.37 6.00 7.57 15.17 4.47 167.75 69.04 0.00 nan nan 193.81
33.35 10.00 9.71 9.64 16.26 3.63 242.92 53.59 0.00 nan nan 208.23
37.08 11.14 10.31 10.73 18.33 4.26 201.46 75.21 0.00 nan nan 214.23
43.81 13.14 8.88 9.59 16.25 4.41 183.81 89.83 0.00 nan nan 195.66
31.71 9.54 4.69 6.40 14.76 5.42 130.08 75.49 0.00 nan nan 130.82
39.15 11.49 6.29 7.62 15.16 5.08 103.42 53.84 0.85 178.41 24.66 142.10
56.88 18.62 4.37 6.03 12.87 6.75 101.30 49.23 0.00 nan nan 217.99
18.01 6.61 9.21 10.14 16.01 6.50 78.94 25.20 0.00 nan nan 127.73
16.41 6.31 10.06 10.47 15.76 4.80 167.36 115.13 0.00 nan nan 126.77
9.54 5.33 7.35 8.33 14.71 5.17 145.34 64.51 0.00 nan nan 142.31
19.98 7.00 7.33 8.48 17.44 6.00 141.38 112.31 0.00 nan nan 177.58
30.47 9.20 7.01 8.12 16.81 4.50 193.64 124.93 0.00 nan nan 169.27
23.57 7.76 7.15 7.96 16.11 1.81 522.75 573.16 0.00 nan nan 162.35
30.09 9.10 9.12 10.34 17.13 5.38 125.53 12.40 0.00 nan nan 170.11
26.98 8.32 10.93 11.21 17.85 2.17 433.86 341.49 0.00 nan nan 170.64
22.16 7.45 9.19 9.48 15.20 6.21 121.06 38.13 0.00 nan nan 160.62
