66.89 24.16 5.14 7.09 15.09 5.91 123.04 46.71 0.00 nan nan 292.83
94.40 50.48 5.13 7.01 14.41 5.33 129.80 50.48 0.28 221.62 0.00 314.18
80.72 34.99 5.05 7.23 15.54 4.95 128.36 41.42 0.20 164.25 0.00 314.12
19.41 6.88 10.37 11.11 17.22 4.68 162.12 58.43 0.00 nan nan 251.56
46.40 14.16 9.76 10.34 17.69 3.99 208.58 68.31 0.00 nan nan 282.04
75.31 30.81 7.96 9.83 18.13 4.36 168.80 53.23 0.00 nan nan 268.73
61.20 21.10 8.17 9.29 18.32 4.36 187.30 62.40 0.00 nan nan 279.29
72.57 28.47 6.10 8.00 17.10 5.39 128.11 25.72 0.00 nan nan 272.14
55.20 17.74 8.71 10.01 16.68 5.27 137.69 38.66 0.00 nan nan 261.78
31.70 9.53 10.68 10.93 17.73 3.29 270.18 170.31 0.00 nan nan 288.72
27.25 8.38 11.62 11.86 18.12 4.49 187.32 52.85 0.00 nan nan 254.99
72.10 28.08 9.35 10.28 16.82 4.77 162.18 42.23 0.00 nan nan 427.20
74.23 29.86 4.51 6.22 15.88 4.05 205.62 183.80 0.00 nan nan 267.96
34.35 10.29 5.37 7.08 15.65 3.82 229.88 249.98 0.00 nan nan 243.12
32.87 9.86 6.12 8.06 15.73 4.63 178.60 87.70 0.00 nan nan 239.90
24.00 7.86 6.68 9.21 17.28 4.63 170.23 21.01 0.00 nan nan 237.01
36.48 10.95 6.21 8.21 16.23 4.28 178.19 61.66 0.27 186.19 0.00 251.84
28.78 8.76 5.60 7.45 14.77 4.92 148.67 28.88 0.00 nan nan 239.48
46.74 14.30 6.71 8.60 16.55 6.79 112.79 39.77 0.00 nan nan 273.46
62.87 22.14 3.86 6.96 16.63 5.82 100.84 22.16 0.90 175.52 7.17 286.03
50.13 15.78 3.64 6.89 15.88 6.50 98.93 22.38 0.00 nan nan 269.29
54.55 17.41 6.03 8.14 16.13 5.21 119.56 21.11 0.21 183.69 0.00 283.03
49.60 15.54 4.33 6.47 15.46 5.87 118.53 25.93 0.19 176.81 0.00 289.07
53.38 16.83 4.22 6.64 15.91 4.94 126.59 38.22 0.16 175.12 0.00 305.61
44.63 13.46 4.85 8.83 17.06 6.46 97.57 57.38 0.00 nan nan 266.68
47.72 14.71 11.10 12.10 18.58 3.96 216.95 124.56 0.00 nan nan 275.63
44.88 13.56 8.41 10.60 18.70 5.15 160.40 76.43 0.00 nan nan 256.86
33.50 10.04 6.39 8.59 17.12 6.21 110.21 17.06 0.24 147.94 0.00 255.09
49.01 15.27 8.10 10.07 17.92 4.70 174.18 145.82 0.00 nan nan 261.31
40.09 11.80 4.87 7.72 17.05 5.85 104.40 39.58 0.00 nan nan 252.40
7.07 4.96 6.80 7.92 16.92 4.24 200.82 93.40 0.00 nan nan 220.72
32.23 9.68 1.96 5.29 14.06 6.06 89.13 24.39 0.00 nan nan 219.12
89.65 45.29 3.67 6.67 15.07 6.44 82.50 34.34 0.00 nan nan 449.19
24.78 8.04 4.03 6.53 15.96 5.76 104.38 18.75 0.00 nan nan 218.12
33.72 10.11 5.61 7.54 15.16 4.85 143.74 74.35 0.00 nan nan 224.75
43.46 13.01 4.18 6.64 14.84 4.80 124.82 12.64 0.00 nan nan 247.99
50.00 15.71 9.70 10.39 17.26 1.91 505.20 402.14 0.00 nan nan 283.25
68.58 25.37 9.80 11.15 19.20 1.82 530.39 459.19 0.00 nan nan 291.78
60.82 20.87 9.05 10.23 17.62 1.89 505.98 332.79 0.00 nan nan 275.66
50.11 15.76 12.63 12.48 18.14 1.72 553.90 481.70 0.00 nan nan 292.89
53.92 17.10 9.09 11.04 18.96 3.46 246.73 34.29 0.00 nan nan 321.14
50.15 15.78 8.22 9.16 17.19 2.78 312.66 174.16 0.00 nan nan 297.50
70.23 26.60 5.72 7.29 14.14 5.98 125.32 47.02 0.00 nan nan 306.19
65.40 23.14 5.55 7.23 14.23 6.08 114.13 21.04 0.00 nan nan 296.37
52.10 16.22 5.33 6.99 14.21 6.13 113.36 17.26 0.00 nan nan 265.70
94.16 50.13 8.39 9.09 14.15 4.95 151.54 44.24 0.00 nan nan 292.12
87.40 42.45 7.16 7.77 13.16 4.45 177.49 33.83 0.00 nan nan 310.56
68.81 25.54 6.21 8.07 15.18 4.70 162.57 32.51 0.00 nan nan 277.53
16.19 6.27 4.48 7.79 15.53 7.06 99.07 40.17 0.00 nan nan 160.22
43.76 13.12 2.75 5.54 15.16 3.85 147.18 79.32 0.74 363.98 169.27 187.41
35.57 10.66 3.35 6.44 16.11 4.97 144.02 105.66 0.15 149.81 0.00 188.73
4.62 4.62 6.68 8.65 17.08 4.07 197.34 163.76 0.00 nan nan 191.93
3.74 4.50 9.07 11.04 18.05 3.05 292.07 203.22 0.00 nan nan 180.85
23.89 7.83 1.64 5.54 14.63 4.20 131.67 59.21 0.20 164.00 0.00 189.83
74.54 30.13 6.43 8.05 16.78 1.56 618.62 476.45 0.00 nan nan 293.29
36.43 10.93 8.32 9.64 18.45 3.63 252.10 237.95 0.00 nan nan 269.15
75.36 30.85 3.38 6.81 17.42 4.72 164.81 85.65 0.17 153.19 0.00 319.85
45.26 13.70 6.73 7.99 16.52 5.56 149.93 53.17 0.00 nan nan 262.17
46.51 14.21 5.64 7.96 17.47 3.85 216.54 96.78 0.00 nan nan 263.44
56.66 18.50 8.83 10.41 18.19 4.40 193.18 77.45 0.00 nan nan 253.07
61.03 20.99 8.14 8.58 15.00 1.54 605.83 543.99 0.00 nan nan 268.25
50.05 15.74 3.35 5.47 14.73 2.97 305.64 322.59 0.00 nan nan 261.01
62.03 21.61 7.89 8.51 14.81 2.92 316.79 263.53 0.00 nan nan 239.90
46.49 14.20 10.33 10.66 15.83 2.81 321.48 265.83 0.00 nan nan 259.49
65.97 23.52 7.52 8.12 15.20 0.75 1215.12 0.00 0.00 nan nan 260.11
71.57 27.66 5.13 7.24 15.23 5.02 155.65 61.14 0.00 nan nan 265.88
55.15 17.71 6.04 7.44 14.17 6.31 98.43 22.38 0.00 nan nan 287.58
47.44 14.59 6.30 7.93 14.84 5.96 96.64 26.00 0.30 174.19 0.00 270.60
63.28 22.40 5.46 7.36 14.46 6.34 104.17 19.07 0.00 nan nan 296.20
46.05 14.02 9.36 9.83 15.33 3.54 219.16 166.06 0.44 154.25 0.00 304.29
44.48 13.40 9.91 9.79 16.00 1.46 631.31 465.37 0.00 nan nan 287.27
33.67 10.09 7.30 8.10 14.27 5.10 130.60 15.22 0.39 203.69 0.00 301.67
76.55 31.93 7.41 8.38 15.00 5.94 133.36 61.23 0.00 nan nan 373.12
78.63 32.95 5.16 6.37 13.02 6.03 113.78 46.95 0.00 nan nan 226.74
57.57 19.00 4.32 6.34 13.55 5.39 126.89 70.45 0.00 nan nan 245.16
79.67 33.95 7.88 9.04 15.12 5.62 116.24 52.93 0.00 nan nan 214.62
2.07 4.29 9.10 9.11 14.08 5.06 141.16 13.98 0.00 nan nan 210.02
36.12 10.83 6.79 7.85 13.34 4.95 151.56 30.62 0.00 nan nan 208.71
45.13 13.65 4.45 6.96 15.17 6.36 99.40 27.28 0.00 nan nan 239.03
68.56 25.35 5.94 8.82 16.48 5.37 109.49 20.85 0.00 nan nan 245.26
62.50 21.91 7.78 9.65 15.94 5.32 125.12 30.19 0.00 nan nan 246.57
47.19 14.49 6.20 7.93 14.74 2.91 208.12 20.22 1.45 161.88 10.30 228.96
53.67 16.98 9.58 9.91 14.58 3.06 222.24 18.03 0.00 nan nan 230.63
59.65 20.17 4.78 6.86 14.48 3.11 173.79 21.33 2.07 161.72 14.08 243.72
76.64 32.01 5.27 7.31 16.31 5.83 133.53 64.99 0.00 nan nan 261.67
72.75 28.61 5.27 7.45 16.07 3.82 211.30 143.05 0.00 nan nan 306.12
84.99 39.59 6.66 8.92 16.31 5.53 133.45 88.37 0.19 175.94 0.00 296.25
50.11 15.76 10.20 10.87 16.72 3.93 197.29 19.19 0.00 nan nan 234.69
68.75 25.49 7.57 9.10 17.48 3.96 196.31 47.82 0.00 nan nan 306.84
54.38 17.33 8.22 8.60 15.89 2.02 457.76 502.92 0.00 nan nan 296.58
30.40 9.18 4.78 6.60 13.82 4.84 125.76 44.10 0.32 183.41 39.91 200.99
48.60 15.09 2.49 5.93 15.58 4.39 113.99 40.41 0.81 177.54 55.42 214.02
57.94 19.20 2.45 5.16 13.52 4.82 110.67 28.53 0.45 181.31 31.43 214.77
41.36 12.24 3.85 6.73 15.12 4.15 135.16 21.92 0.00 nan nan 202.16
29.16 8.86 4.34 6.98 16.05 3.83 165.97 27.00 0.00 nan nan 223.47
35.12 10.52 2.92 5.56 13.11 3.68 160.13 28.42 0.00 nan nan 224.97
63.73 22.70 5.38 6.89 13.96 5.19 135.67 32.95 0.00 nan nan 324.44
68.67 25.43 6.55 7.87 15.26 5.82 136.15 43.98 0.00 nan nan 313.87
52.16 16.25 3.88 6.24 15.53 5.89 121.80 25.22 0.00 nan nan 311.83
58.41 19.46 8.32 9.10 17.76 4.67 164.22 25.46 0.00 nan nan 363.37
60.42 20.63 8.54 9.72 16.46 4.84 158.26 33.17 0.00 nan nan 289.22
33.47 10.03 5.43 7.21 15.40 4.76 153.69 19.38 0.00 nan nan 319.29
29.63 8.98 5.46 7.47 15.88 6.81 93.78 19.49 0.21 167.00 0.00 245.67
22.35 7.49 7.70 8.90 16.26 6.78 106.51 15.64 0.00 nan nan 247.75
39.14 11.48 4.44 6.75 14.14 6.71 87.22 14.95 0.00 nan nan 245.30
10.15 5.42 8.81 9.64 16.99 5.18 145.65 16.72 0.00 nan nan 225.54
17.20 6.46 8.45 9.75 17.90 4.82 142.61 20.20 0.00 nan nan 225.54
23.11 7.66 8.04 8.78 15.18 5.05 156.15 17.06 0.00 nan nan 230.54
65.08 22.93 9.08 9.79 18.01 1.90 495.48 397.10 0.00 nan nan 232.67
45.46 13.79 4.30 5.71 14.70 3.55 243.51 140.50 0.00 nan nan 249.31
42.76 12.75 1.92 5.64 15.28 5.46 130.81 94.52 0.16 152.88 0.00 245.12
53.54 16.91 6.40 7.84 15.43 3.72 226.66 167.35 0.00 nan nan 260.86
37.82 11.38 7.10 7.34 15.79 2.88 301.99 297.51 0.00 nan nan 237.97
49.17 15.34 6.28 7.70 15.76 3.56 241.91 93.44 0.00 nan nan 311.83
76.40 31.79 6.18 7.77 14.52 4.58 183.24 92.96 0.00 nan nan 310.85
76.30 31.70 4.31 6.65 14.55 5.18 148.96 82.83 0.00 nan nan 317.79
84.82 39.40 6.05 8.36 15.70 5.23 147.61 64.83 0.00 nan nan 475.31
50.26 15.83 7.16 8.28 16.22 1.61 566.92 583.53 0.00 nan nan 351.27
102.42 63.62 6.87 7.94 16.39 1.08 886.00 679.04 0.00 nan nan 397.32
93.95 49.82 6.56 8.55 16.35 3.37 238.84 162.44 0.00 nan nan 357.72
57.62 19.03 4.98 7.23 15.91 5.83 110.99 44.08 0.13 214.81 0.00 288.79
63.23 22.37 7.01 9.25 16.37 5.81 113.22 40.74 0.00 nan nan 291.41
72.43 28.35 3.46 6.37 15.73 5.76 102.58 23.02 0.27 246.25 54.62 309.33
56.31 18.32 8.85 10.69 17.59 5.06 126.04 19.33 0.34 213.25 0.00 294.90
76.26 31.67 8.84 10.18 16.44 5.40 136.66 19.44 0.00 nan nan 289.10
80.88 35.16 6.71 8.33 15.20 5.19 115.75 29.01 0.00 nan nan 297.01
84.04 38.52 5.66 7.30 13.70 7.13 90.99 18.64 0.00 nan nan 236.31
76.02 31.44 4.74 6.77 13.31 6.48 92.23 21.04 0.00 nan nan 231.95
84.73 39.29 3.12 5.76 13.54 7.22 86.97 16.30 0.00 nan nan 234.36
74.07 29.72 11.54 11.57 16.83 5.88 125.34 40.32 0.00 nan nan 244.27
55.70 18.00 9.77 9.56 15.03 4.99 159.12 23.20 0.00 nan nan 242.45
53.51 16.90 9.63 10.36 15.98 5.78 126.66 42.40 0.00 nan nan 258.34
41.80 12.40 8.15 10.12 17.61 5.38 141.23 62.31 0.36 183.75 0.00 244.12
33.56 10.06 7.40 9.52 16.73 6.61 102.02 34.56 0.00 nan nan 221.91
15.83 6.20 6.85 8.80 17.12 5.46 132.93 57.92 0.00 nan nan 187.00
18.26 6.66 10.31 12.67 19.17 6.24 107.27 30.57 0.00 nan nan 210.24
40.83 12.06 6.57 9.73 18.14 6.01 77.82 35.08 0.00 nan nan 232.70
18.77 6.76 7.90 10.45 17.71 6.05 81.15 33.72 0.00 nan nan 200.01
55.11 17.69 3.95 6.97 15.81 6.57 86.13 29.73 0.00 nan nan 262.99
34.35 10.29 2.50 5.01 13.61 5.45 112.22 40.47 0.00 nan nan 248.98
49.39 15.44 4.41 6.64 14.64 6.05 96.74 32.80 0.00 nan nan 262.92
36.21 10.86 9.43 10.33 17.41 5.97 124.89 21.67 0.00 nan nan 257.44
35.89 10.76 10.06 10.46 17.13 4.02 191.26 122.09 0.00 nan nan 236.95
35.94 10.78 5.31 6.28 13.30 5.36 134.94 25.83 0.00 nan nan 241.12
88.20 43.43 5.00 6.71 13.09 7.67 68.72 26.97 0.17 141.19 0.00 226.34
54.86 17.57 5.07 6.95 16.04 7.08 83.31 24.71 0.00 nan nan 224.56
62.01 21.60 1.72 4.16 12.83 7.10 68.97 26.69 0.28 166.56 12.31 248.38
79.74 34.02 8.12 9.60 16.60 6.42 105.33 39.44 0.00 nan nan 218.89
28.80 8.77 7.93 8.59 15.88 5.64 147.01 54.60 0.00 nan nan 235.97
46.61 14.25 5.90 7.40 14.73 5.76 125.58 35.86 0.00 nan nan 250.26
