6.449081925065889287e-01
8.020135387434229601e-01
5.220647857712412687e+00
2.150321539518984437e+01
3.035691856899986618e+01
2.261324923417368993e+01
1.772308926070864032e+01
2.251474478214912267e+01
2.610678064283812105e+01
2.527157344648617254e+01
1.509189691311170556e+01
4.058978519309768274e+00
3.056687376120634347e+00
1.746944910607111101e+00
7.655884088041127189e-01
6.065176853047520300e-01
2.117211962108836443e-01
1.551843369740426581e+00
2.634079620639865560e+00
1.017871504739395050e+01
2.869440712839240248e+01
3.311311643822771345e+01
2.098848217856344434e+01
1.474314674484794274e+01
1.826061152155643796e+01
1.949338668450005230e+01
1.753090063022687772e+01
1.209853189763474646e+01
4.117439235892367044e+00
2.187026444608979325e+00
1.277494203358451319e+00
5.758685917654871034e-01
5.224966189149556905e-01
1.859575427299171579e-01
3.567421451477412186e-01
1.298689667617437316e+00
6.760634921540956910e+00
1.634372261642019453e+01
2.372992985145760159e+01
2.688917032760170045e+01
2.770641283893611373e+01
2.239034785531640637e+01
1.221623148500470890e+01
7.380807699618530116e+00
5.080385086751271650e+00
1.926403716931276655e+00
1.055666709394348590e+00
9.238278182255164062e-01
3.797153723600997233e-01
1.709426430269055386e-01
9.897351214100764960e-02
4.036775935674688509e-01
1.104539655348947935e+00
3.023458594659141685e+00
9.474357655377923848e+00
1.649001650780118311e+01
1.955687045252517819e+01
2.040718723095445952e+01
1.559985369416796708e+01
1.036404452611466986e+01
1.014423668901339326e+01
8.626628304671090319e+00
4.903015629140477394e+00
2.343203062776189505e+00
1.358435950518609658e+00
6.313335051807582587e-01
3.084340340515908108e-01
2.316263034517032360e-01
2.847017249925112292e-01
5.733874747097373881e-01
1.058148473470593709e+00
6.074757824985181465e+00
1.333348724357419712e+01
1.664151824187489126e+01
1.400836525853553560e+01
1.324621396566663556e+01
1.669452043037214750e+01
1.711425882316509473e+01
1.455920167083498384e+01
9.166682098904670895e+00
3.536898959866130898e+00
1.263632162144944893e+00
8.854625035035369462e-01
4.468442359119180751e-01
3.006689519532391719e-01
1.396672875457642404e-01
1.693656155534107643e+00
1.908937528596765132e+00
6.377457825354457821e-01
4.773590359372433589e+00
1.146265961300562708e+01
1.576457372523956479e+01
1.424735435289110086e+01
1.353180809304754995e+01
1.274647748603909569e+01
1.056543346878269318e+01
7.332121824480726247e+00
2.015067956471892963e+00
1.041471056550781427e+00
6.830066689266083291e-01
2.586116053937783099e-01
2.097470257007655603e-01
1.119490116705896543e-01
7.376461971563361142e-02
8.441752696237585230e-02
1.760253972014520496e-01
2.537303979282715116e-01
2.554812522621071835e+00
1.053483500885728397e+01
1.515367346027182016e+01
1.587494729577709940e+01
1.496864282383881140e+01
1.353630475417836188e+01
1.160164146127232954e+01
6.188544964771814705e+00
2.611213980512599786e+00
1.132153525215372714e+00
5.922852435995104026e-01
2.362344609192659206e-01
2.245863396356128916e-01
1.194894286043792497e-01
6.766187773229541402e-02
4.899744367228505704e-01
5.357806984242894366e-01
1.577810842195075391e+00
6.120029001760053156e+00
1.423112836884675048e+01
1.816661494263004428e+01
1.674937188001292654e+01
1.621368140664760205e+01
1.534342683961654963e+01
1.402731955392518692e+01
1.055634215515260799e+01
4.618589999570406945e+00
1.360019708284298412e+00
8.480866900742520809e-01
4.778081715944367813e-01
3.453079621727304649e-01
1.812871193918160762e-01
1.053384857093723481e-01
2.533754378345895453e-01
8.450375263589853247e-01
9.949957118774669373e-01
4.930106626078165633e+00
1.434125123629904053e+01
2.447454625743674939e+01
3.244238094396231276e+01
3.052782017642920565e+01
2.467484071573264970e+01
2.661662086696782126e+01
2.083019072119556014e+01
1.048108627806003312e+01
8.653761122740462497e+00
7.119952709517552769e+00
3.872588026361155844e+00
1.422198701180110048e+00
8.004644464432810747e-01
6.020287518557129181e-01
3.160811645541711234e-01
1.612318570970812659e-01
