File type = "ooTextFile"
Object class = "Pitch 1"

0
2.0435
101
0.02
0.02174999999999993
500
15
0.0032762525910012648
9
0
0
3354.5806545351234
0.8830394816126743
2337.3276495070927
0.8684985525939679
1255.2313405525967
0.8424078483448451
1053.5979740292803
0.836093268178102
894.5334320407535
0.8230784039756437
791.7025172135392
0.8153438533437014
420.13803053545877
0.6086159866334686
393.111368119091
0.589573435128407
0.009267137026635758
1
0
0
0.5676308861947902
5
0
0
766.2297178968321
0.5182782044893077
213.34373319768122
0.23285495785085025
167.30292584946054
0.4717951536573877
77.50764937735394
0.3476196888377646
0.7859757629171422
12
142.08355094439517
0.9443583857911843
836.5747104666608
0.6673870209195593
409.7295451973082
0.38957362467086726
284.3735895140477
0.29988128557555577
217.52065144195217
0.38882727380128757
171.11338681008212
0.6614994974928057
0
0
121.40523766257614
0.6174018820771156
105.51059685712376
0.3530149674125573
94.7913876217439
0.26825320743626735
86.00792936561834
0.3392917251433489
77.65845543093154
0.573575996901517
0.875917458436764
9
140.35214432407463
0.8611100308776502
813.522983057308
0.5898137048051843
218.31842856347868
0.41348784841203723
170.05550381986467
0.6146773795772893
0
0
120.24247337715742
0.42544549169657025
95.09148260011916
0.2654942614077424
85.60701033207319
0.4699628138800302
77.11718594631677
0.49994322896898136
0.25387709663368047
8
168.24375719804277
0.5096942782116934
743.8531735081565
0.48322123719084903
217.35338168970725
0.5983690462964995
0
0
138.01789713790538
0.2559299434641536
107.82450423858583
0.4807318213540264
94.26527461607977
0.512473397150015
83.84111508939742
0.36109651821728683
0.15556047209445972
5
139.75336300811392
0.6852740542967722
728.3855194400574
0.5361435054975087
173.51855631296345
0.2893807491127818
0
0
118.0459396649632
0.5896188394195601
0.11530946473425158
6
139.65585739436662
0.8417096595542286
732.713700515965
0.5403832415398407
172.4643981444358
0.41507782063500154
0
0
117.47866551478852
0.5850016135211824
77.4341771378766
0.23110256394697093
0.05187657735499491
3
139.97316804839141
0.7927763666770507
0
0
123.9691077221406
0.6000431364178789
0.0712306180137951
2
0
0
139.99433159615577
0.3360323888345605
0.6183758312422079
5
0
0
737.0540705162925
0.5670282984111058
362.514810129336
0.34187144150687293
156.94467155324648
0.2802979446208388
81.18861790276266
0.23889202845857693
0.534440827562018
10
149.90624459613414
0.9019655411195631
837.0558369638509
0.38124401242724115
360.56404632423636
0.4392001512258532
257.45004311803973
0.4237279596393061
182.62324081567488
0.36863727138017854
0
0
126.78744359516685
0.315088353669917
105.91995394265037
0.39972264242806105
94.79149231461635
0.37918124010392756
82.4875745733725
0.36200627453269313
0.6208281554937142
10
144.30268488012794
0.8567498297040299
717.7197281332483
0.751371111140336
358.7927715089773
0.7122428257079124
239.90319890247457
0.70185680698151
179.42245363225425
0.7324781204342999
0
0
119.73636783314225
0.6451818595916266
102.8278862198859
0.5734081931128144
90.02525759115875
0.5961714085002208
79.99984872708079
0.6116269059902794
0.18550157069819617
10
143.42525209329824
0.43911436027743744
700.2443269832152
0.7696763795856654
350.39213833024496
0.6347628852592435
236.89115119769798
0.4888179499197468
177.38251062740636
0.412133977945973
0
0
120.46616124053962
0.41097023657543147
103.4150400526517
0.4891300556545762
90.44579559358421
0.6023004865042408
80.17915726151172
0.6523556697122674
0.1265040931981753
6
143.17260816139336
0.787227050646188
706.6000469763218
0.5093666875194118
178.58215237356595
0.30829435336532474
0
0
118.9097600121711
0.6305004609321171
102.18883152186166
0.3182868666841272
0.05643596869978256
7
139.42642379305988
0.7973469472835886
725.5501396379024
0.4142970287380462
172.2599490986606
0.3326169832776277
0
0
116.47378770790509
0.5386298051384203
100.03994043606585
0.26478040540693737
77.0639562042928
0.259009171763693
0.03847472475340537
4
140.9654096447779
0.6827791806758822
775.9430635552089
0.3438231196298801
0
0
118.25014161736495
0.5296539092649893
0.03548190932379668
3
0
0
143.17807459025636
0.4449367012124893
122.40041670664779
0.37412444712643667
0.39935284649124003
6
0
0
716.5062143118756
0.571090653527852
353.41371262803557
0.34481324338894304
167.31752983032578
0.31601114599743174
134.79502135736013
0.2266331384069277
81.46108348263358
0.286800744103809
0.7376871469635881
11
153.02550678617024
0.8847624371964158
839.8364512240509
0.40638491467192966
367.0681677706722
0.4661931358977939
262.4270333323736
0.4867487589506319
189.99733304938513
0.3205461841752262
0
0
129.66581824264392
0.41036958377541033
108.01876280218825
0.3738256871243461
96.64637486496976
0.45203466862088454
85.72935198641622
0.27768108433132427
76.42949447687697
0.7266025993034158
0.6270359236208377
10
148.0558028112295
0.9443294846564424
860.6604911035616
0.3512071848915549
360.49358649516495
0.3907885577538183
251.07140527582388
0.34643433572974236
178.9177495463535
0.43832019605570666
0
0
122.98646792283635
0.27985837476949554
105.00601291784277
0.4081291176641678
92.79127274126989
0.3140736868442668
81.06544592027018
0.50007743867403
0.7724854631987183
10
142.6777548486535
0.7571842964840171
710.0828615214326
0.7449782755286705
355.7077081179341
0.694730876608586
236.76202674232889
0.6767652006437529
177.56516798463542
0.6845727238294215
0
0
118.77031044730133
0.5567923146519176
101.99103417476847
0.46559842161990384
89.23095828212244
0.5143183868100324
79.39526372808916
0.45446948669479875
0.19155421572460155
10
143.25809164593795
0.731278711332759
719.4883562711925
0.7010187785509174
356.81971802550856
0.5461554550352147
238.47403641555698
0.4653362144017709
178.57322637238758
0.5724308910694997
0
0
119.5515486095109
0.7353326276306195
102.6397228743905
0.6096633405913281
89.80937510078987
0.44891597906143016
79.96040597902184
0.46757217935431006
0.1253807240749561
4
141.25841023636417
0.6885116585095678
727.3681061828773
0.42107769740749496
0
0
117.46557628076631
0.5634521152671762
0.05949861231001164
5
139.721816994296
0.8220627530312058
725.3306934511194
0.4678489369148407
172.89492677082453
0.3611460416761889
0
0
116.90753900306704
0.5781650298407688
0.04208165838278244
3
139.56624655418693
0.7824147930841406
0
0
120.80382140596915
0.6127101359613992
0.026370848257429646
2
0
0
104.57884178557764
0.2696011207231443
0.5944058145218133
3
0
0
717.7444190390464
0.6235913292110386
356.54774533371597
0.4216199180525901
0.6344403140563134
11
151.56023721396613
0.902315722121736
751.3220427365293
0.5915346855249823
368.7052294775218
0.43805766626926057
257.0082619383912
0.457286783327389
190.48474961498943
0.5797400099672627
0
0
126.53576031663181
0.49671046697468585
107.38360683045181
0.3285282638983568
95.47971581077297
0.41668719733542364
84.75673744714875
0.5248233849819453
75.83712187217604
0.7851233153428233
0.6196486494984095
10
145.2181012068861
0.8978923194345497
719.4418172153523
0.7521336172904771
358.94238083113567
0.6980434724930816
242.64617357685773
0.656565672681148
180.7263412957696
0.7460884650630864
0
0
120.4336983403756
0.6819639131742838
103.41880982392429
0.6312890170647433
90.72715224904555
0.5706496738936229
80.54272098697007
0.6943579055410806
0.3987518052399431
10
143.55642646480118
0.6636593494120217
712.6063118673021
0.7517775296900064
357.29447790592235
0.6796590788321011
239.19727377259454
0.6005811594235296
178.94892700305945
0.5913125471652734
0
0
119.98495876215631
0.5594975780586441
103.15379270146674
0.5999071763379262
90.17313376044662
0.5999992587885819
80.05109646716275
0.6042767519874313
0.15342425853501626
8
143.01276813335585
0.8159584442762246
704.1440195128383
0.644822312318987
355.5569251334088
0.2843834687798766
179.0767017808714
0.42439896787363507
0
0
118.929419494863
0.7678702736770308
102.11571001917024
0.47613612779119263
79.62094293645677
0.2979420059742994
0.07357027624405164
6
139.37205538602043
0.8059454248574538
738.0136566393746
0.37898444896998246
171.02070525791007
0.27157978740368427
0
0
116.28021908964497
0.5641134155872981
76.71075008607697
0.23433186989061178
0.04856412445703246
4
141.08728905797747
0.8311436110434911
785.7939049586222
0.4112104534453234
0
0
119.31338517540253
0.5546869652930329
0.026720208500714982
3
0
0
141.63875702669148
0.8622496216780045
122.93244184755805
0.7279632755741872
0.13536187908371097
5
170.1107539835671
0.5246310431474623
707.4222793283574
0.4505439895858276
222.8037859847091
0.32553593186885876
0
0
137.7358259052693
0.3111338936582048
0.7035123730089918
10
150.8413779950805
0.7985087185654493
827.3760798925489
0.39294417220287886
361.7157169572943
0.4927926771934629
258.2660175871943
0.3967829269424529
182.7378273679891
0.33521551663910737
0
0
127.56207996547992
0.26859970555456275
106.25581953143998
0.4072016499044283
82.06678382321121
0.3041705248012155
75.21246543846984
0.49743088112780914
0.6100645278106144
10
147.49233039288052
0.9611039761546938
916.9600997072585
0.3781835158306882
359.3250239470625
0.3454028749563722
250.63569313384906
0.3102609755706634
176.15911827266598
0.4288933177447395
0
0
126.88174588737878
0.2976310827933997
104.66880455261939
0.3655445595499166
92.7580739661377
0.2912977311982809
80.43793064825628
0.4560287320529689
0.6629607254556793
10
145.19172491730006
0.9504725580093011
727.9562480539212
0.6733626171148572
365.62285655190993
0.6324427141376059
240.49304082618607
0.666871151119291
181.08817500265272
0.663494722267994
0
0
120.94019062971692
0.6584886817003193
103.83343970962864
0.5648351406806809
90.53198134866153
0.6665700821813848
80.59403375143329
0.6229403366621863
0.4327281782009049
10
142.76485283502498
0.6898461346479785
707.9021099397374
0.7366401104637824
355.2093103380729
0.6383318395421307
238.76063740767304
0.6395667959065083
178.39306666682504
0.668223853443581
0
0
119.34801475600419
0.5236788082831921
102.51873466187624
0.5100002360678989
89.87047435386896
0.545874802745566
79.85435243199416
0.5353635598349386
0.15865618183688335
6
143.49807510887675
0.7215332176716405
723.2729750604404
0.4564269177089085
178.61308544075146
0.3492824411371535
0
0
119.31018639783302
0.5562477425017586
102.55613819339983
0.25290060305430423
0.07454071815024412
5
139.9535221408464
0.6853895747900768
905.8119971296474
0.34201828175804283
168.44042268362233
0.255994449886751
0
0
116.57269529217625
0.3465496228565988
0.03606100913666454
4
0
0
818.416193669971
0.35348655160192566
139.9571544399646
0.5787795466065282
117.95416103724062
0.555765391814501
0.029996330222514772
3
0
0
142.44146433313153
0.558905441923652
122.20760986490436
0.47395294041687247
0.2806367221774085
6
0
0
689.2811009320903
0.5676521793057429
341.69262141172914
0.28832013028461634
224.33992238583855
0.29134678311600953
167.88536264307905
0.40676905290523957
134.79602631888685
0.22723674252862985
0.5969325669157538
10
149.31056809591797
0.8978008787470476
746.4067234768615
0.5491738736885566
364.16685009348765
0.4756321632807789
252.34064985998054
0.45335772599182245
186.92326289459805
0.5181814967398547
0
0
124.40914979130669
0.5044711609136481
105.7910170763238
0.4470294824376928
93.68287815748217
0.40102030171163433
82.89791235666617
0.4596734703441178
0.5896114047008981
10
144.9133281288284
0.9441674907698854
739.3573309251556
0.47503285960783376
370.66770128107464
0.48507823027223973
238.31714415676007
0.5081464841346277
179.44112322350716
0.49472225553683946
0
0
120.87371501807408
0.4997346153000324
104.33911592020348
0.44387075252196995
90.15791923133273
0.5445586319526204
80.32461069436799
0.5106276893611671
0.6196841849044081
10
141.7965264163533
0.8930849466164498
726.5380870184152
0.5767627856563788
355.65068936525046
0.4496760678774028
235.22140958214192
0.44992204873186376
175.73750878902032
0.5694053704433956
0
0
118.7072307686401
0.4765577836345594
101.48500857623173
0.36147097072466816
88.46958183480759
0.37403686092236166
78.52668953044918
0.46721552407970146
0.14562956005936784
7
143.18304109698795
0.6557177695573409
753.4688237376954
0.5322999654306549
176.82192254302322
0.39617849210288514
0
0
120.63316160841559
0.5922958473381065
103.69168652796074
0.3672016779053676
79.47410634322894
0.27194620308804396
0.07200166387203744
5
140.09198990267475
0.6734147320741903
753.0951326387904
0.3357170518667469
0
0
116.5363355973635
0.5807962723992323
101.11191161286791
0.23308198503751698
0.07035423339083388
5
140.4380018158563
0.722947021903907
772.0726772653468
0.41113818362369714
172.6517136403543
0.38726024364128325
0
0
117.91849572783325
0.41794039892444407
0.048484234117456566
4
141.98592821886587
0.6447789053171761
172.15812322600985
0.32348240994464716
0
0
121.6841064611838
0.3919005070370851
0.022262650249832833
3
0
0
138.56089689951406
0.49842848916120597
119.41217902957429
0.5742095126137907
0.19100268617852467
6
168.22224828380837
0.49433386240792043
681.6532398363936
0.5062203031197482
225.39869303859408
0.2791940073797545
0
0
134.0433736675691
0.23985265803223488
81.93749379878294
0.24412801885316196
0.5864703055395601
11
150.94517461578872
0.8628495089884041
738.4422410094405
0.586412370820014
365.04378574514885
0.39341468906264593
255.0486924418836
0.3453434585100874
189.50940022643152
0.5174662594559167
0
0
125.27775572424876
0.5407872658506417
106.60328439549849
0.3870554157201041
94.3783954929766
0.3140600290072702
83.79829047343931
0.4314557698402592
75.25191875337926
0.6542415330388192
0.49675177765689676
10
145.53047628074918
0.950126022370704
729.2645609265592
0.6447021631793287
362.22530226013845
0.6111083780647475
242.98980912046162
0.6071622891124651
181.57458425155917
0.6542799196238787
0
0
121.21995879888568
0.6330936967079313
103.91273404097684
0.5862500032043926
90.98058579263923
0.6035320879011616
80.84219199549963
0.659343051602128
0.6692503301991418
10
142.41437689414192
0.8569836886038275
707.0034515318849
0.7694977827704443
355.003911684176
0.7109985451743922
237.45045245404683
0.714033620094535
177.82626161514347
0.7292678387736734
0
0
118.5348472485035
0.6125642743901417
101.76529358663828
0.5506598347399816
89.1431396743267
0.5693978671715646
79.16551030418145
0.5619475424377169
0.1609702446531441
10
143.3961252697132
0.7817882649721071
716.1140992060842
0.7401502799452128
356.7034886565532
0.5299418129280031
238.93110691075117
0.5030514334874366
178.8606177331038
0.6125551013539472
0
0
119.67110958919417
0.6843881306949261
102.54482902288015
0.5566101376837267
89.98641422369184
0.552398353069434
79.89274642060767
0.580106768978913
0.07337699464169202
4
140.66707268358851
0.7725373408763123
719.3294996914561
0.3743123530427573
0
0
116.43197293070203
0.4681355917147743
0.06686995249548147
6
140.71259425083167
0.7827470080226513
739.708266475983
0.45040107378626937
173.41482869471793
0.4247212384284849
0
0
117.98371843591698
0.4028192022011953
77.54871171526554
0.226076342172121
0.03278515862158425
5
0
0
904.9400699456605
0.45287720847820967
171.1573738700743
0.34784947757973883
141.6768216526424
0.7753274165534598
120.47069051063912
0.4169369582170999
0.01740552654836867
4
0
0
899.6674298456812
0.3084021467332296
141.55150345025052
0.3659014949868525
119.38950516610939
0.3096921182861027
0.26249924983797246
6
0
0
682.3626032362624
0.6384243003319553
336.8070425632662
0.34579341037228517
221.86097504126263
0.3515011284126688
166.1937276921118
0.46753773277454513
133.6790025514945
0.2704773817299157
0.5869854610357044
10
148.52576377480534
0.8837727863160326
734.7170172526904
0.6327605499664605
363.9771806967939
0.5028253474564555
249.84992862213497
0.45533778418125176
185.8611295358031
0.5845141786190896
0
0
123.33971032243215
0.5902328312475652
105.37584529537389
0.472549500463143
92.89953053297629
0.3898468643811981
82.4947577635534
0.49510530519312734
0.5644529834304718
10
145.09429020841054
0.9720632193593802
730.181587831364
0.6724010432762755
365.7247140905089
0.6482723130436766
241.028078913376
0.6640672506523419
181.3746515357325
0.6758049276695867
0
0
121.14256926958453
0.6751190688703928
104.01955445924033
0.6284101040435678
90.647589631526
0.6894708910909267
80.70674926177179
0.6868373508852537
0.60384851500425
10
142.56058786910165
0.8758768777226743
710.1916323559915
0.7416912766655519
355.59963549524394
0.6575643598037713
237.52328841145757
0.660612046132269
177.8866696771489
0.7055835136204541
0
0
118.73116793603704
0.6178446831338151
101.84411994142754
0.5378848249442735
89.18248493122684
0.5450969146280843
79.1904861848892
0.5610206062143969
0.15641481320696943
10
143.38885288993572
0.8082549356147984
718.8041983368797
0.7466088334651577
357.1911840823209
0.529021246708592
238.37928455870616
0.5072947471263304
178.65950609498142
0.6231740768430756
0
0
119.6433012357846
0.7087971789425016
102.42569721919415
0.5514423716374147
89.7504333196993
0.5298359599095098
79.69363123208314
0.5605640088981576
0.07102275050519813
5
140.82672705279614
0.7783844219179789
703.4036394575554
0.37158554896461143
0
0
115.96000783357634
0.5219191421353254
99.70427353255445
0.2991789000038859
0.05747945413706158
6
140.9261675835445
0.7751151028565072
732.708066658117
0.45253184663971563
174.03016754096532
0.49574822051446027
0
0
117.70178114538523
0.34895098257799195
77.72333534408273
0.3272946552966668
0.03240961302926222
5
0
0
826.2181015909976
0.4322303929613636
173.85492262848194
0.3905334256168075
142.37696218228749
0.7506950776590946
120.23206165830672
0.3627306922769203
0.017129497142252956
4
0
0
753.1259028074322
0.33849057528922705
141.7774023708337
0.5032727962736332
119.58923031691282
0.4328731074917743
0.2023006016222181
5
0
0
693.9927868289913
0.5436581586075797
217.8982978403712
0.25697501692846964
164.86077216393386
0.4724240710352291
79.78249332553101
0.25893989502019304
0.5900437136332165
8
152.5097236265205
0.8534993449371757
722.3116716814058
0.40564104699032105
360.09158772922575
0.24448224316279796
192.69708291702898
0.32794394187886344
0
0
125.31187582010072
0.37258676934316587
106.75828958415279
0.2359137660674185
76.23809948106579
0.5823922318666468
0.536701907042246
9
148.3909412432638
0.9315757337008634
724.0381097047273
0.42751151833119233
359.26680605487115
0.3451217979837298
251.7431927369359
0.29105186503532
183.82403545377022
0.42579453400998446
0
0
122.08962332007717
0.41157089461099955
104.83917936962702
0.3351915348530019
81.8566127585086
0.4064538139859911
0.3975279932313976
10
144.07026166767096
0.7308202034903677
710.1791419758487
0.661069381437459
358.3856099920248
0.5433879229588612
239.48935553117713
0.5308777471072782
179.25854189576833
0.6585823611553215
0
0
119.48822657114255
0.5168281228959164
102.91780792438819
0.4385405765501765
89.76203319499676
0.4460579450828497
80.05778394826288
0.45937995715988733
0.11064685613771232
6
118.2768175524317
0.8308884458095238
689.0113530477851
0.5529148598927619
179.06261211838495
0.29860450905226904
143.52082897778348
0.689864094726677
0
0
101.41222428301135
0.46662567652828274
0.06556011154621462
4
143.16866463288554
0.7449482235175058
733.8178331492989
0.31685379332501057
0
0
118.23785723068679
0.5117703494194291
0.03304914871099097
4
0
0
830.2410232182587
0.35931066189422617
139.66605923691293
0.8042713986377447
118.95719701581315
0.5721974377790733
0.029025517935189815
2
0
0
136.97218386821507
0.8217555217735409
0.17628708764283224
2
0
0
120.66885902181973
0.23233346183284992
0.36935017087371325
5
0
0
698.1846436319198
0.5928163930399475
350.42428954485325
0.2835614701146242
153.36249154274662
0.3552475379183534
79.66416857601789
0.3406845050779011
0.4808596321685391
10
147.4082322097989
0.9480880813240404
726.2105613520814
0.5573950685337732
364.5575236254266
0.47224874788783744
247.1459406484151
0.46887811701026444
185.00986843491611
0.5593258969969137
0
0
122.61308922675528
0.536003732178167
104.9395405982324
0.464270970575683
92.29969821860556
0.4847506844975426
82.02394364146379
0.580495808482761
0.4835364009457883
10
144.7100954123213
0.9238238397249097
714.2280990709086
0.7688266028974807
362.45395745185084
0.7219769184325539
240.47105765243367
0.7381471114401825
180.76018090780255
0.7354875545248818
0
0
120.15888421772644
0.7056947220889357
103.32833075485489
0.6181404045019074
90.3978676678232
0.6599335646499676
80.34307065482135
0.6387803391147483
0.2534907748080913
10
143.16364082891818
0.8056954620768088
705.3889134996455
0.7037836042881979
357.1720637789414
0.5784974029159865
239.15533510270978
0.598161303353698
179.37615799291052
0.6564080057320185
0
0
119.3505641534203
0.6342311859494683
102.52889283161352
0.6004624656820576
89.82090358754033
0.6392130279332592
79.76801456619246
0.6647814420380411
0.09142254494865758
5
143.32092806571126
0.845014682648558
698.6089301191047
0.4400501154452585
180.33290079609148
0.2792348194563171
0
0
119.0181634473919
0.5524880367606855
0.04828213709659157
4
140.16069066672458
0.7581985131492857
765.9689217744993
0.2813685082180882
0
0
116.30530013565144
0.4321471506269415
0.025601416784259697
4
0
0
804.1988613884121
0.3401813001392799
140.165581794431
0.6674745651838574
117.79738871579656
0.5593027430274907
0.023043392891282773
4
0
0
173.0337141810046
0.328158922863458
142.95677025932582
0.7589905184729051
121.78079664894553
0.4581655921440118
0.17051605325262115
3
0
0
97.89997489588392
0.2980771418409857
85.75464607323292
0.3188247997002651
0.44383476281628825
7
0
0
719.5122932031715
0.5948036511286773
359.85787183544494
0.36300655330334153
150.90942729787852
0.44378725398647356
124.27044349430584
0.3030355658297698
105.29769306474007
0.24691828354756326
80.45159882860833
0.30251667061606285
0.5483061159796949
10
145.56454667015956
0.8999959260589235
775.3256314398716
0.36126341067045276
367.7961230414912
0.43122447508594175
240.80729144162697
0.412573655087305
178.53341229632207
0.36774142702801726
0
0
121.37475120180079
0.3760096116907797
104.3410134522219
0.4229156072523915
90.68719432743188
0.4354683269969678
80.4322544821992
0.41559819915894036
0.7277946815053604
9
141.52284692776144
0.9084706418538985
838.47022043114
0.47111935606592475
371.2996687435794
0.31447960414502646
229.05572767590527
0.2470730677010183
170.49352915712186
0.4397209002798381
0
0
120.89554201296345
0.4501092192958698
102.70101888343105
0.3138199614085101
77.43922195157221
0.3670534568213262
0.47057712558026343
7
134.2159768120074
0.6702772328453678
813.3325343026149
0.4085212674037402
371.8216831431293
0.28444138391548146
210.84547070834182
0.4013917931034847
163.92362944464892
0.35199286009359465
0
0
82.10841953649417
0.28306428224220814
0.3044126870784664
5
127.3544063851422
0.47282939261396195
623.715724516936
0.36734232814001716
157.60649234213085
0.33707686367627687
0
0
107.0334313093033
0.2850721886153524
0.14641558305274494
4
117.34373200094984
0.6529461947939894
734.5743604789088
0.41937984106728127
134.7504753947968
0.5528068855109277
0
0
0.07324158635499174
4
116.96462768216608
0.44272516860639055
771.2239676427753
0.30101000288566115
133.75469095231858
0.38338630640290233
0
0
0.05617721206375736
3
117.65229868372296
0.5910695182847955
136.73830018799936
0.5184800174159517
0
0
0.025549526814872017
2
0
0
134.70474499743378
0.7742362075775188
0.0158396975438934
2
0
0
125.28216614036671
0.822610529613106
0.013540459123778088
2
0
0
130.72976944886923
0.8492795243450231
0.012420510561714278
2
0
0
130.03572973187738
0.7910691201528627
